2004 01 01 1.259200
2004 01 02 1.259200
2004 01 05 1.267900
2004 01 06 1.277300
2004 01 07 1.266500
2004 01 08 1.277200
2004 01 09 1.285300
2004 01 12 1.280200
2004 01 13 1.273500
2004 01 14 1.272600
2004 01 15 1.258800
2004 01 16 1.239500
2004 01 19 1.253675
2004 01 20 1.258400
2004 01 21 1.261700
2004 01 22 1.271700
2004 01 23 1.261000
2004 01 26 1.255200
2004 01 27 1.264300
2004 01 28 1.262000
2004 01 29 1.238900
2004 01 30 1.245200
2004 02 02 1.242600
2004 02 03 1.256100
2004 02 04 1.255200
2004 02 05 1.260600
2004 02 06 1.269400
2004 02 09 1.267200
2004 02 10 1.272700
2004 02 11 1.281500
2004 02 12 1.280700
2004 02 13 1.275100
2004 02 16 1.282375
2004 02 17 1.284800
2004 02 18 1.281200
2004 02 19 1.268500
2004 02 20 1.256300
2004 02 23 1.256900
2004 02 24 1.269200
2004 02 25 1.250300
2004 02 26 1.244400
2004 02 27 1.244100
2004 03 01 1.243100
2004 03 02 1.221200
2004 03 03 1.208800
2004 03 04 1.222500
2004 03 05 1.240100
2004 03 08 1.237100
2004 03 09 1.242800
2004 03 10 1.222600
2004 03 11 1.226800
2004 03 12 1.219100
2004 03 15 1.224300
2004 03 16 1.227000
2004 03 17 1.219700
2004 03 18 1.239200
2004 03 19 1.226900
2004 03 22 1.236800
2004 03 23 1.231100
2004 03 24 1.221300
2004 03 25 1.217000
2004 03 26 1.209200
2004 03 29 1.214100
2004 03 30 1.220200
2004 03 31 1.229200
2004 04 01 1.235800
2004 04 02 1.210900
2004 04 05 1.200800
2004 04 06 1.208900
2004 04 07 1.217100
2004 04 08 1.208800
2004 04 09 1.210200
2004 04 12 1.206800
2004 04 13 1.192300
2004 04 14 1.194000
2004 04 15 1.191400
2004 04 16 1.202500
2004 04 19 1.201900
2004 04 20 1.191000
2004 04 21 1.185300
2004 04 22 1.186100
2004 04 23 1.180200
2004 04 26 1.185100
2004 04 27 1.192700
2004 04 28 1.183000
2004 04 29 1.194500
2004 04 30 1.197500
2004 05 03 1.193700
2004 05 04 1.207600
2004 05 05 1.216500
2004 05 06 1.209000
2004 05 07 1.188500
2004 05 10 1.183400
2004 05 11 1.181800
2004 05 12 1.191100
2004 05 13 1.180100
2004 05 14 1.187400
2004 05 17 1.200900
2004 05 18 1.197100
2004 05 19 1.201500
2004 05 20 1.192600
2004 05 21 1.200900
2004 05 24 1.197800
2004 05 25 1.210700
2004 05 26 1.210200
2004 05 27 1.227400
2004 05 28 1.221700
2004 05 31 1.221175
2004 06 01 1.221000
2004 06 02 1.225000
2004 06 03 1.220500
2004 06 04 1.225800
2004 06 07 1.232000
2004 06 08 1.227300
2004 06 09 1.209700
2004 06 10 1.211000
2004 06 11 1.201100
2004 06 14 1.207300
2004 06 15 1.213900
2004 06 16 1.200600
2004 06 17 1.204000
2004 06 18 1.211800
2004 06 21 1.211000
2004 06 22 1.209200
2004 06 23 1.209000
2004 06 24 1.217000
2004 06 25 1.214500
2004 06 28 1.219300
2004 06 29 1.212400
2004 06 30 1.217900
2004 07 01 1.215800
2004 07 02 1.230700
2004 07 05 1.229425
2004 07 06 1.229000
2004 07 07 1.238400
2004 07 08 1.239000
2004 07 09 1.238800
2004 07 12 1.240900
2004 07 13 1.230200
2004 07 14 1.238500
2004 07 15 1.237300
2004 07 16 1.243700
2004 07 19 1.243100
2004 07 20 1.237700
2004 07 21 1.222400
2004 07 22 1.227300
2004 07 23 1.212200
2004 07 26 1.213500
2004 07 27 1.205600
2004 07 28 1.204600
2004 07 29 1.207000
2004 07 30 1.203200
2004 08 02 1.203400
2004 08 03 1.205100
2004 08 04 1.205700
2004 08 05 1.205000
2004 08 06 1.227200
2004 08 09 1.226100
2004 08 10 1.230600
2004 08 11 1.222200
2004 08 12 1.222400
2004 08 13 1.235400
2004 08 16 1.233300
2004 08 17 1.232900
2004 08 18 1.229900
2004 08 19 1.236800
2004 08 20 1.232400
2004 08 23 1.219600
2004 08 24 1.209900
2004 08 25 1.209000
2004 08 26 1.208400
2004 08 27 1.202500
2004 08 30 1.204900
2004 08 31 1.218300
2004 09 01 1.217900
2004 09 02 1.216400
2004 09 03 1.205200
2004 09 06 1.208275
2004 09 07 1.209300
2004 09 08 1.216400
2004 09 09 1.218900
2004 09 10 1.228200
2004 09 13 1.225100
2004 09 14 1.226800
2004 09 15 1.214400
2004 09 16 1.215400
2004 09 17 1.217400
2004 09 20 1.217200
2004 09 21 1.226400
2004 09 22 1.226100
2004 09 23 1.229800
2004 09 24 1.225600
2004 09 27 1.230700
2004 09 28 1.230600
2004 09 29 1.230800
2004 09 30 1.241700
2004 10 01 1.240000
2004 10 04 1.227400
2004 10 05 1.231600
2004 10 06 1.229800
2004 10 07 1.228600
2004 10 08 1.241800
2004 10 11 1.234450
2004 10 12 1.232000
2004 10 13 1.227100
2004 10 14 1.239300
2004 10 15 1.247800
2004 10 18 1.252000
2004 10 19 1.251500
2004 10 20 1.262700
2004 10 21 1.262200
2004 10 22 1.263900
2004 10 25 1.278300
2004 10 26 1.275800
2004 10 27 1.272500
2004 10 28 1.275900
2004 10 29 1.274600
2004 11 01 1.274100
2004 11 02 1.270300
2004 11 03 1.278700
2004 11 04 1.288300
2004 11 05 1.293800
2004 11 08 1.293600
2004 11 09 1.293000
2004 11 10 1.292500
2004 11 11 1.294900
2004 11 12 1.297300
2004 11 15 1.294400
2004 11 16 1.297900
2004 11 17 1.303100
2004 11 18 1.298200
2004 11 19 1.305900
2004 11 22 1.304800
2004 11 23 1.309000
2004 11 24 1.316200
2004 11 25 1.322500
2004 11 26 1.328800
2004 11 29 1.328600
2004 11 30 1.325900
2004 12 01 1.330800
2004 12 02 1.326800
2004 12 03 1.339000
2004 12 06 1.343100
2004 12 07 1.343700
2004 12 08 1.325200
2004 12 09 1.327400
2004 12 10 1.322400
2004 12 13 1.330900
2004 12 14 1.328000
2004 12 15 1.342900
2004 12 16 1.328700
2004 12 17 1.329500
2004 12 20 1.339600
2004 12 21 1.337700
2004 12 22 1.339000
2004 12 23 1.349100
2004 12 24 1.353600
2004 12 27 1.362500
2004 12 28 1.362100
2004 12 29 1.356800
2004 12 30 1.362300
2004 12 31 1.353800
2005 01 03 1.347600
2005 01 04 1.329500
2005 01 05 1.329200
2005 01 06 1.318700
2005 01 07 1.306200
2005 01 10 1.310900
2005 01 11 1.316100
2005 01 12 1.328100
2005 01 13 1.320700
2005 01 14 1.310600
2005 01 17 1.305875
2005 01 18 1.304300
2005 01 19 1.303600
2005 01 20 1.295900
2005 01 21 1.304900
2005 01 24 1.304100
2005 01 25 1.295400
2005 01 26 1.308100
2005 01 27 1.303200
2005 01 28 1.303300
2005 01 31 1.304900
2005 02 01 1.301700
2005 02 02 1.301500
2005 02 03 1.295900
2005 02 04 1.292700
2005 02 07 1.277300
2005 02 08 1.278300
2005 02 09 1.279700
2005 02 10 1.288200
2005 02 11 1.286400
2005 02 14 1.298100
2005 02 15 1.298600
2005 02 16 1.299400
2005 02 17 1.308300
2005 02 18 1.307500
2005 02 21 1.319125
2005 02 22 1.323000
2005 02 23 1.320800
2005 02 24 1.320500
2005 02 25 1.319500
2005 02 28 1.327400
2005 03 01 1.318900
2005 03 02 1.312700
2005 03 03 1.313000
2005 03 04 1.324400
2005 03 07 1.320300
2005 03 08 1.334200
2005 03 09 1.338400
2005 03 10 1.340900
2005 03 11 1.346500
2005 03 14 1.334600
2005 03 15 1.331500
2005 03 16 1.342300
2005 03 17 1.337300
2005 03 18 1.331100
2005 03 21 1.316500
2005 03 22 1.321000
2005 03 23 1.300500
2005 03 24 1.295700
2005 03 25 1.295400
2005 03 28 1.287700
2005 03 29 1.291300
2005 03 30 1.294400
2005 03 31 1.296900
2005 04 01 1.289600
2005 04 04 1.283800
2005 04 05 1.284200
2005 04 06 1.286800
2005 04 07 1.290600
2005 04 08 1.291200
2005 04 11 1.297200
2005 04 12 1.287300
2005 04 13 1.291800
2005 04 14 1.281900
2005 04 15 1.292800
2005 04 18 1.303700
2005 04 19 1.303400
2005 04 20 1.308000
2005 04 21 1.309300
2005 04 22 1.306800
2005 04 25 1.298400
2005 04 26 1.296400
2005 04 27 1.293800
2005 04 28 1.291600
2005 04 29 1.291900
2005 05 02 1.285700
2005 05 03 1.288900
2005 05 04 1.293600
2005 05 05 1.293600
2005 05 06 1.283200
2005 05 09 1.283900
2005 05 10 1.287700
2005 05 11 1.280300
2005 05 12 1.270600
2005 05 13 1.264500
2005 05 16 1.263000
2005 05 17 1.264400
2005 05 18 1.266000
2005 05 19 1.262800
2005 05 20 1.255300
2005 05 23 1.257500
2005 05 24 1.258800
2005 05 25 1.260200
2005 05 26 1.251700
2005 05 27 1.256800
2005 05 30 1.240375
2005 05 31 1.234900
2005 06 01 1.223200
2005 06 02 1.226600
2005 06 03 1.222700
2005 06 06 1.226800
2005 06 07 1.227700
2005 06 08 1.232000
2005 06 09 1.221600
2005 06 10 1.212700
2005 06 13 1.203500
2005 06 14 1.203800
2005 06 15 1.210600
2005 06 16 1.208900
2005 06 17 1.224000
2005 06 20 1.214000
2005 06 21 1.213400
2005 06 22 1.213000
2005 06 23 1.205400
2005 06 24 1.208800
2005 06 27 1.215200
2005 06 28 1.207800
2005 06 29 1.210100
2005 06 30 1.209800
2005 07 01 1.195700
2005 07 04 1.192700
2005 07 05 1.191700
2005 07 06 1.191800
2005 07 07 1.192800
2005 07 08 1.193400
2005 07 11 1.206600
2005 07 12 1.220000
2005 07 13 1.209000
2005 07 14 1.208900
2005 07 15 1.203700
2005 07 18 1.207700
2005 07 19 1.200100
2005 07 20 1.204600
2005 07 21 1.211300
2005 07 22 1.207900
2005 07 25 1.205400
2005 07 26 1.200700
2005 07 27 1.204800
2005 07 28 1.212100
2005 07 29 1.212900
2005 08 01 1.219500
2005 08 02 1.220900
2005 08 03 1.233700
2005 08 04 1.238300
2005 08 05 1.232700
2005 08 08 1.236100
2005 08 09 1.234700
2005 08 10 1.234500
2005 08 11 1.243400
2005 08 12 1.242800
2005 08 15 1.236200
2005 08 16 1.234200
2005 08 17 1.229000
2005 08 18 1.217800
2005 08 19 1.214700
2005 08 22 1.223500
2005 08 23 1.221300
2005 08 24 1.223900
2005 08 25 1.231100
2005 08 26 1.232400
2005 08 29 1.224800
2005 08 30 1.220400
2005 08 31 1.233000
2005 09 01 1.244700
2005 09 02 1.253800
2005 09 05 1.249675
2005 09 06 1.248300
2005 09 07 1.243900
2005 09 08 1.240000
2005 09 09 1.243300
2005 09 12 1.228800
2005 09 13 1.226300
2005 09 14 1.228200
2005 09 15 1.221600
2005 09 16 1.221400
2005 09 19 1.215300
2005 09 20 1.217700
2005 09 21 1.220800
2005 09 22 1.215300
2005 09 23 1.207700
2005 09 26 1.203600
2005 09 27 1.201100
2005 09 28 1.201600
2005 09 29 1.202000
2005 09 30 1.205800
2005 10 03 1.191400
2005 10 04 1.191800
2005 10 05 1.198400
2005 10 06 1.213300
2005 10 07 1.211500
2005 10 10 1.204000
2005 10 11 1.201500
2005 10 12 1.204000
2005 10 13 1.193800
2005 10 14 1.207300
2005 10 17 1.204000
2005 10 18 1.193900
2005 10 19 1.198800
2005 10 20 1.198200
2005 10 21 1.195800
2005 10 24 1.199800
2005 10 25 1.209900
2005 10 26 1.208200
2005 10 27 1.214800
2005 10 28 1.208900
2005 10 31 1.199500
2005 11 01 1.199800
2005 11 02 1.206700
2005 11 03 1.197100
2005 11 04 1.182800
2005 11 07 1.179500
2005 11 08 1.177300
2005 11 09 1.174800
2005 11 10 1.174000
2005 11 11 1.172175
2005 11 14 1.166700
2005 11 15 1.169500
2005 11 16 1.167200
2005 11 17 1.170600
2005 11 18 1.174100
2005 11 21 1.173400
2005 11 22 1.173700
2005 11 23 1.179900
2005 11 24 1.176150
2005 11 25 1.172400
2005 11 28 1.180400
2005 11 29 1.178600
2005 11 30 1.179000
2005 12 01 1.170200
2005 12 02 1.169900
2005 12 05 1.178700
2005 12 06 1.178400
2005 12 07 1.172200
2005 12 08 1.183000
2005 12 09 1.182400
2005 12 12 1.196900
2005 12 13 1.192600
2005 12 14 1.204100
2005 12 15 1.196500
2005 12 16 1.201200
2005 12 19 1.199600
2005 12 20 1.184800
2005 12 21 1.181600
2005 12 22 1.188300
2005 12 23 1.185700
2005 12 26 1.185625
2005 12 27 1.185600
2005 12 28 1.187500
2005 12 29 1.184600
2005 12 30 1.184200
2006 01 02 1.194550
2006 01 03 1.198000
2006 01 04 1.209100
2006 01 05 1.210100
2006 01 06 1.214800
2006 01 09 1.206400
2006 01 10 1.206300
2006 01 11 1.213500
2006 01 12 1.203500
2006 01 13 1.210300
2006 01 16 1.208050
2006 01 17 1.207300
2006 01 18 1.208300
2006 01 19 1.211000
2006 01 20 1.210100
2006 01 23 1.227600
2006 01 24 1.228700
2006 01 25 1.225200
2006 01 26 1.222900
2006 01 27 1.213000
2006 01 30 1.209100
2006 01 31 1.215800
2006 02 01 1.209200
2006 02 02 1.210000
2006 02 03 1.202100
2006 02 06 1.197100
2006 02 07 1.197400
2006 02 08 1.193500
2006 02 09 1.196300
2006 02 10 1.192000
2006 02 13 1.190500
2006 02 14 1.189500
2006 02 15 1.188400
2006 02 16 1.188200
2006 02 17 1.190600
2006 02 20 1.191050
2006 02 21 1.191200
2006 02 22 1.190500
2006 02 23 1.192300
2006 02 24 1.188200
2006 02 27 1.186000
2006 02 28 1.192500
2006 03 01 1.189900
2006 03 02 1.200300
2006 03 03 1.202800
2006 03 06 1.200200
2006 03 07 1.188800
2006 03 08 1.191400
2006 03 09 1.192000
2006 03 10 1.188600
2006 03 13 1.194200
2006 03 14 1.202500
2006 03 15 1.204500
2006 03 16 1.215100
2006 03 17 1.219700
2006 03 20 1.216800
2006 03 21 1.207900
2006 03 22 1.209500
2006 03 23 1.198400
2006 03 24 1.203400
2006 03 27 1.201500
2006 03 28 1.207800
2006 03 29 1.203000
2006 03 30 1.213200
2006 03 31 1.213900
2006 04 03 1.212400
2006 04 04 1.225800
2006 04 05 1.227200
2006 04 06 1.221600
2006 04 07 1.210900
2006 04 10 1.209100
2006 04 11 1.212500
2006 04 12 1.210700
2006 04 13 1.210700
2006 04 14 1.210600
2006 04 17 1.226700
2006 04 18 1.227400
2006 04 19 1.234500
2006 04 20 1.232600
2006 04 21 1.234000
2006 04 24 1.237300
2006 04 25 1.241200
2006 04 26 1.246400
2006 04 27 1.252500
2006 04 28 1.262400
2006 05 01 1.260700
2006 05 02 1.264400
2006 05 03 1.263900
2006 05 04 1.268400
2006 05 05 1.273300
2006 05 08 1.272000
2006 05 09 1.274700
2006 05 10 1.279900
2006 05 11 1.285500
2006 05 12 1.288800
2006 05 15 1.282600
2006 05 16 1.281700
2006 05 17 1.272200
2006 05 18 1.279500
2006 05 19 1.275000
2006 05 22 1.285000
2006 05 23 1.284400
2006 05 24 1.274700
2006 05 25 1.277700
2006 05 26 1.273900
2006 05 29 1.283575
2006 05 30 1.286800
2006 05 31 1.283300
2006 06 01 1.282400
2006 06 02 1.291200
2006 06 05 1.295300
2006 06 06 1.282800
2006 06 07 1.279900
2006 06 08 1.264800
2006 06 09 1.263600
2006 06 12 1.258700
2006 06 13 1.257400
2006 06 14 1.263100
2006 06 15 1.261600
2006 06 16 1.262300
2006 06 19 1.257700
2006 06 20 1.256800
2006 06 21 1.266500
2006 06 22 1.258200
2006 06 23 1.252200
2006 06 26 1.255400
2006 06 27 1.258900
2006 06 28 1.253200
2006 06 29 1.253400
2006 06 30 1.277900
2006 07 03 1.279300
2006 07 04 1.275950
2006 07 05 1.272600
2006 07 06 1.275700
2006 07 07 1.282200
2006 07 10 1.275100
2006 07 11 1.275400
2006 07 12 1.270600
2006 07 13 1.267300
2006 07 14 1.264100
2006 07 17 1.252900
2006 07 18 1.250000
2006 07 19 1.256000
2006 07 20 1.263900
2006 07 21 1.268400
2006 07 24 1.263000
2006 07 25 1.257600
2006 07 26 1.262800
2006 07 27 1.273200
2006 07 28 1.274800
2006 07 31 1.276400
2006 08 01 1.277800
2006 08 02 1.279800
2006 08 03 1.277900
2006 08 04 1.289400
2006 08 07 1.286700
2006 08 08 1.283900
2006 08 09 1.288800
2006 08 10 1.276500
2006 08 11 1.275700
2006 08 14 1.273500
2006 08 15 1.278800
2006 08 16 1.286400
2006 08 17 1.287000
2006 08 18 1.281000
2006 08 21 1.291400
2006 08 22 1.280400
2006 08 23 1.279400
2006 08 24 1.276000
2006 08 25 1.276700
2006 08 28 1.278400
2006 08 29 1.276800
2006 08 30 1.282500
2006 08 31 1.279300
2006 09 01 1.283300
2006 09 04 1.281575
2006 09 05 1.281000
2006 09 06 1.278700
2006 09 07 1.275700
2006 09 08 1.267300
2006 09 11 1.269900
2006 09 12 1.269300
2006 09 13 1.270800
2006 09 14 1.273600
2006 09 15 1.264800
2006 09 18 1.267100
2006 09 19 1.268300
2006 09 20 1.270100
2006 09 21 1.273000
2006 09 22 1.279600
2006 09 25 1.274700
2006 09 26 1.268700
2006 09 27 1.269900
2006 09 28 1.269700
2006 09 29 1.268700
2006 10 02 1.274400
2006 10 03 1.272700
2006 10 04 1.268700
2006 10 05 1.268700
2006 10 06 1.260000
2006 10 09 1.255575
2006 10 10 1.254100
2006 10 11 1.254700
2006 10 12 1.253700
2006 10 13 1.250200
2006 10 16 1.251800
2006 10 17 1.256400
2006 10 18 1.251600
2006 10 19 1.259400
2006 10 20 1.261300
2006 10 23 1.254400
2006 10 24 1.256500
2006 10 25 1.259100
2006 10 26 1.266900
2006 10 27 1.272500
2006 10 30 1.271700
2006 10 31 1.277300
2006 11 01 1.277100
2006 11 02 1.278000
2006 11 03 1.270500
2006 11 06 1.271500
2006 11 07 1.280600
2006 11 08 1.277500
2006 11 09 1.283500
2006 11 10 1.286100
2006 11 13 1.281000
2006 11 14 1.281200
2006 11 15 1.280800
2006 11 16 1.280800
2006 11 17 1.282300
2006 11 20 1.281000
2006 11 21 1.282400
2006 11 22 1.292800
2006 11 23 1.300450
2006 11 24 1.308100
2006 11 27 1.312000
2006 11 28 1.316200
2006 11 29 1.314600
2006 11 30 1.326100
2006 12 01 1.331600
2006 12 04 1.332700
2006 12 05 1.332700
2006 12 06 1.330700
2006 12 07 1.329600
2006 12 08 1.321500
2006 12 11 1.322300
2006 12 12 1.323300
2006 12 13 1.321500
2006 12 14 1.317400
2006 12 15 1.309500
2006 12 18 1.307300
2006 12 19 1.319400
2006 12 20 1.318300
2006 12 21 1.317500
2006 12 22 1.313100
2006 12 25 1.313175
2006 12 26 1.313200
2006 12 27 1.312500
2006 12 28 1.315800
2006 12 29 1.319700
2007 01 01 1.326375
2007 01 02 1.328600
2007 01 03 1.316900
2007 01 04 1.309400
2007 01 05 1.300500
2007 01 08 1.302300
2007 01 09 1.299500
2007 01 10 1.294000
2007 01 11 1.290400
2007 01 12 1.292600
2007 01 15 1.292000
2007 01 16 1.291800
2007 01 17 1.294800
2007 01 18 1.294200
2007 01 19 1.296800
2007 01 22 1.295700
2007 01 23 1.302500
2007 01 24 1.296400
2007 01 25 1.298000
2007 01 26 1.290900
2007 01 29 1.294800
2007 01 30 1.295400
2007 01 31 1.299800
2007 02 01 1.302100
2007 02 02 1.296000
2007 02 05 1.293300
2007 02 06 1.296900
2007 02 07 1.302000
2007 02 08 1.303400
2007 02 09 1.300500
2007 02 12 1.296200
2007 02 13 1.302400
2007 02 14 1.312600
2007 02 15 1.314000
2007 02 16 1.313700
2007 02 19 1.313475
2007 02 20 1.313400
2007 02 21 1.312600
2007 02 22 1.313400
2007 02 23 1.316400
2007 02 26 1.315900
2007 02 27 1.324600
2007 02 28 1.323000
2007 03 01 1.317300
2007 03 02 1.318200
2007 03 05 1.309400
2007 03 06 1.310800
2007 03 07 1.314800
2007 03 08 1.312900
2007 03 09 1.311800
2007 03 12 1.318600
2007 03 13 1.319900
2007 03 14 1.322700
2007 03 15 1.324900
2007 03 16 1.330700
2007 03 19 1.329900
2007 03 20 1.329100
2007 03 21 1.330500
2007 03 22 1.335900
2007 03 23 1.330200
2007 03 26 1.333600
2007 03 27 1.335700
2007 03 28 1.333100
2007 03 29 1.333600
2007 03 30 1.337400
2007 04 02 1.337400
2007 04 03 1.336300
2007 04 04 1.336400
2007 04 05 1.342600
2007 04 06 1.338000
2007 04 09 1.336700
2007 04 10 1.343600
2007 04 11 1.343600
2007 04 12 1.348400
2007 04 13 1.351800
2007 04 16 1.355000
2007 04 17 1.356900
2007 04 18 1.357400
2007 04 19 1.360500
2007 04 20 1.360100
2007 04 23 1.358000
2007 04 24 1.362200
2007 04 25 1.364700
2007 04 26 1.359000
2007 04 27 1.362500
2007 04 30 1.366000
2007 05 01 1.360000
2007 05 02 1.359800
2007 05 03 1.356600
2007 05 04 1.358700
2007 05 07 1.361600
2007 05 08 1.353200
2007 05 09 1.354900
2007 05 10 1.351200
2007 05 11 1.351900
2007 05 14 1.354400
2007 05 15 1.360300
2007 05 16 1.352200
2007 05 17 1.349400
2007 05 18 1.351100
2007 05 21 1.345700
2007 05 22 1.346400
2007 05 23 1.348200
2007 05 24 1.342900
2007 05 25 1.345200
2007 05 28 1.347525
2007 05 29 1.348300
2007 05 30 1.341900
2007 05 31 1.345300
2007 06 01 1.344000
2007 06 04 1.348800
2007 06 05 1.352600
2007 06 06 1.349200
2007 06 07 1.345600
2007 06 08 1.335900
2007 06 11 1.335900
2007 06 12 1.332500
2007 06 13 1.329500
2007 06 14 1.331100
2007 06 15 1.336500
2007 06 18 1.340100
2007 06 19 1.341600
2007 06 20 1.342600
2007 06 21 1.339900
2007 06 22 1.343800
2007 06 25 1.345000
2007 06 26 1.346800
2007 06 27 1.343300
2007 06 28 1.346600
2007 06 29 1.352000
2007 07 02 1.362700
2007 07 03 1.361500
2007 07 04 1.360350
2007 07 05 1.359200
2007 07 06 1.362600
2007 07 09 1.362300
2007 07 10 1.371400
2007 07 11 1.375700
2007 07 12 1.377600
2007 07 13 1.378800
2007 07 16 1.378500
2007 07 17 1.378200
2007 07 18 1.380800
2007 07 19 1.381100
2007 07 20 1.383100
2007 07 23 1.381700
2007 07 24 1.382400
2007 07 25 1.371100
2007 07 26 1.373000
2007 07 27 1.364700
2007 07 30 1.368100
2007 07 31 1.371100
2007 08 01 1.368200
2007 08 02 1.369300
2007 08 03 1.378500
2007 08 06 1.378900
2007 08 07 1.374700
2007 08 08 1.380800
2007 08 09 1.370100
2007 08 10 1.368600
2007 08 13 1.362400
2007 08 14 1.358100
2007 08 15 1.347900
2007 08 16 1.340200
2007 08 17 1.349200
2007 08 20 1.346800
2007 08 21 1.348300
2007 08 22 1.353500
2007 08 23 1.356000
2007 08 24 1.364500
2007 08 27 1.364500
2007 08 28 1.362600
2007 08 29 1.367500
2007 08 30 1.364800
2007 08 31 1.364100
2007 09 03 1.364100
2007 09 04 1.360600
2007 09 05 1.366900
2007 09 06 1.369700
2007 09 07 1.377200
2007 09 10 1.379400
2007 09 11 1.383700
2007 09 12 1.390400
2007 09 13 1.388500
2007 09 14 1.384800
2007 09 17 1.386000
2007 09 18 1.386900
2007 09 19 1.395000
2007 09 20 1.409200
2007 09 21 1.407600
2007 09 24 1.408600
2007 09 25 1.412800
2007 09 26 1.412600
2007 09 27 1.413800
2007 09 28 1.421900
2007 10 01 1.422900
2007 10 02 1.416300
2007 10 03 1.413500
2007 10 04 1.412800
2007 10 05 1.415400
2007 10 08 1.415400
2007 10 09 1.409200
2007 10 10 1.415700
2007 10 11 1.422800
2007 10 12 1.416800
2007 10 15 1.421600
2007 10 16 1.416500
2007 10 17 1.420800
2007 10 18 1.429100
2007 10 19 1.426300
2007 10 22 1.413800
2007 10 23 1.424800
2007 10 24 1.423700
2007 10 25 1.429900
2007 10 26 1.439000
2007 10 29 1.440500
2007 10 30 1.442400
2007 10 31 1.446800
2007 11 01 1.443500
2007 11 02 1.448100
2007 11 05 1.446900
2007 11 06 1.455500
2007 11 07 1.466700
2007 11 08 1.469100
2007 11 09 1.466500
2007 11 12 1.461475
2007 11 13 1.459800
2007 11 14 1.467000
2007 11 15 1.463900
2007 11 16 1.465200
2007 11 19 1.465800
2007 11 20 1.478700
2007 11 21 1.482900
2007 11 22 1.482900
2007 11 23 1.482500
2007 11 26 1.486200
2007 11 27 1.481700
2007 11 28 1.475000
2007 11 29 1.476600
2007 11 30 1.468800
2007 12 03 1.465700
2007 12 04 1.475900
2007 12 05 1.466600
2007 12 06 1.463800
2007 12 07 1.466400
2007 12 10 1.471400
2007 12 11 1.470200
2007 12 12 1.470200
2007 12 13 1.459100
2007 12 14 1.443300
2007 12 17 1.436900
2007 12 18 1.439200
2007 12 19 1.434400
2007 12 20 1.435300
2007 12 21 1.436100
2007 12 24 1.440900
2007 12 25 1.445450
2007 12 26 1.450000
2007 12 27 1.460100
2007 12 28 1.471800
2007 12 31 1.460300
2008 01 01 1.467050
2008 01 02 1.473800
2008 01 03 1.473600
2008 01 04 1.478600
2008 01 07 1.468400
2008 01 08 1.471700
2008 01 09 1.466300
2008 01 10 1.474000
2008 01 11 1.478700
2008 01 14 1.487700
2008 01 15 1.484200
2008 01 16 1.464300
2008 01 17 1.469000
2008 01 18 1.461600
2008 01 21 1.461075
2008 01 22 1.460900
2008 01 23 1.457400
2008 01 24 1.473700
2008 01 25 1.467300
2008 01 28 1.478900
2008 01 29 1.476700
2008 01 30 1.478200
2008 01 31 1.484100
2008 02 01 1.485100
2008 02 04 1.483200
2008 02 05 1.463800
2008 02 06 1.464700
2008 02 07 1.449500
2008 02 08 1.450500
2008 02 11 1.450600
2008 02 12 1.459200
2008 02 13 1.456900
2008 02 14 1.463500
2008 02 15 1.467400
2008 02 18 1.472500
2008 02 19 1.474200
2008 02 20 1.466300
2008 02 21 1.481300
2008 02 22 1.482500
2008 02 25 1.482200
2008 02 26 1.488900
2008 02 27 1.513200
2008 02 28 1.517200
2008 02 29 1.518700
2008 03 03 1.519500
2008 03 04 1.521000
2008 03 05 1.528200
2008 03 06 1.535600
2008 03 07 1.533300
2008 03 10 1.536900
2008 03 11 1.532900
2008 03 12 1.549500
2008 03 13 1.558400
2008 03 14 1.560400
2008 03 17 1.576500
2008 03 18 1.578400
2008 03 19 1.564200
2008 03 20 1.541700
2008 03 21 1.544700
2008 03 24 1.539400
2008 03 25 1.559500
2008 03 26 1.576100
2008 03 27 1.579800
2008 03 28 1.575900
2008 03 31 1.580500
2008 04 01 1.561500
2008 04 02 1.561800
2008 04 03 1.566700
2008 04 04 1.573500
2008 04 07 1.571300
2008 04 08 1.570500
2008 04 09 1.580400
2008 04 10 1.574400
2008 04 11 1.579600
2008 04 14 1.582700
2008 04 15 1.580100
2008 04 16 1.597800
2008 04 17 1.592400
2008 04 18 1.574200
2008 04 21 1.588100
2008 04 22 1.601000
2008 04 23 1.589800
2008 04 24 1.566800
2008 04 25 1.563400
2008 04 28 1.564800
2008 04 29 1.560400
2008 04 30 1.556800
2008 05 01 1.545800
2008 05 02 1.543100
2008 05 05 1.549100
2008 05 06 1.554800
2008 05 07 1.537000
2008 05 08 1.540900
2008 05 09 1.544700
2008 05 12 1.553600
2008 05 13 1.550900
2008 05 14 1.546700
2008 05 15 1.549200
2008 05 16 1.559100
2008 05 19 1.551600
2008 05 20 1.566700
2008 05 21 1.577200
2008 05 22 1.570300
2008 05 23 1.578400
2008 05 26 1.574425
2008 05 27 1.573100
2008 05 28 1.562800
2008 05 29 1.552700
2008 05 30 1.556000
2008 06 02 1.555000
2008 06 03 1.545400
2008 06 04 1.545300
2008 06 05 1.556000
2008 06 06 1.573100
2008 06 09 1.571800
2008 06 10 1.547300
2008 06 11 1.556200
2008 06 12 1.541800
2008 06 13 1.536800
2008 06 16 1.547200
2008 06 17 1.551900
2008 06 18 1.550200
2008 06 19 1.550200
2008 06 20 1.562600
2008 06 23 1.549200
2008 06 24 1.559100
2008 06 25 1.557000
2008 06 26 1.573800
2008 06 27 1.574900
2008 06 30 1.574800
2008 07 01 1.577800
2008 07 02 1.586900
2008 07 03 1.570800
2008 07 04 1.569250
2008 07 07 1.564600
2008 07 08 1.565300
2008 07 09 1.574400
2008 07 10 1.577100
2008 07 11 1.589800
2008 07 14 1.591400
2008 07 15 1.592300
2008 07 16 1.584700
2008 07 17 1.586100
2008 07 18 1.585500
2008 07 21 1.587700
2008 07 22 1.581100
2008 07 23 1.570800
2008 07 24 1.565700
2008 07 25 1.568700
2008 07 28 1.574700
2008 07 29 1.558800
2008 07 30 1.555900
2008 07 31 1.558900
2008 08 01 1.556700
2008 08 04 1.556900
2008 08 05 1.546800
2008 08 06 1.540900
2008 08 07 1.534100
2008 08 08 1.504700
2008 08 11 1.495800
2008 08 12 1.490500
2008 08 13 1.489500
2008 08 14 1.485600
2008 08 15 1.469500
2008 08 18 1.473000
2008 08 19 1.474600
2008 08 20 1.470100
2008 08 21 1.487500
2008 08 22 1.480000
2008 08 25 1.480300
2008 08 26 1.466000
2008 08 27 1.468400
2008 08 28 1.468500
2008 08 29 1.466900
2008 09 01 1.455875
2008 09 02 1.452200
2008 09 03 1.448900
2008 09 04 1.436000
2008 09 05 1.427300
2008 09 08 1.412600
2008 09 09 1.417300
2008 09 10 1.402000
2008 09 11 1.393900
2008 09 12 1.417200
2008 09 15 1.417500
2008 09 16 1.415500
2008 09 17 1.421500
2008 09 18 1.438200
2008 09 19 1.438400
2008 09 22 1.469700
2008 09 23 1.473700
2008 09 24 1.465500
2008 09 25 1.464300
2008 09 26 1.459600
2008 09 29 1.438100
2008 09 30 1.408100
2008 10 01 1.405800
2008 10 02 1.385400
2008 10 03 1.381600
2008 10 06 1.350800
2008 10 07 1.364900
2008 10 08 1.368000
2008 10 09 1.364600
2008 10 10 1.347100
2008 10 13 1.361125
2008 10 14 1.365800
2008 10 15 1.356700
2008 10 16 1.341600
2008 10 17 1.346200
2008 10 20 1.331400
2008 10 21 1.310200
2008 10 22 1.283500
2008 10 23 1.287800
2008 10 24 1.263900
2008 10 27 1.244600
2008 10 28 1.247600
2008 10 29 1.285100
2008 10 30 1.285000
2008 10 31 1.268200
2008 11 03 1.271900
2008 11 04 1.302100
2008 11 05 1.303900
2008 11 06 1.275600
2008 11 07 1.277700
2008 11 10 1.276000
2008 11 11 1.265900
2008 11 12 1.255800
2008 11 13 1.252600
2008 11 14 1.273100
2008 11 17 1.272600
2008 11 18 1.269000
2008 11 19 1.259500
2008 11 20 1.252500
2008 11 21 1.253100
2008 11 24 1.289000
2008 11 25 1.303000
2008 11 26 1.282800
2008 11 27 1.276100
2008 11 28 1.269400
2008 12 01 1.263400
2008 12 02 1.272400
2008 12 03 1.266900
2008 12 04 1.284000
2008 12 05 1.265400
2008 12 08 1.294200
2008 12 09 1.293700
2008 12 10 1.302400
2008 12 11 1.329400
2008 12 12 1.334900
2008 12 15 1.366400
2008 12 16 1.381000
2008 12 17 1.435800
2008 12 18 1.429800
2008 12 19 1.387500
2008 12 22 1.395200
2008 12 23 1.396600
2008 12 24 1.396400
2008 12 25 1.401300
2008 12 26 1.406200
2008 12 29 1.423200
2008 12 30 1.408500
2008 12 31 1.391900
2009 01 01 1.393250
2009 01 02 1.394600
2009 01 05 1.357600
2009 01 06 1.344500
2009 01 07 1.371800
2009 01 08 1.371400
2009 01 09 1.349500
2009 01 12 1.334700
2009 01 13 1.319800
2009 01 14 1.317400
2009 01 15 1.309400
2009 01 16 1.324400
2009 01 19 1.302050
2009 01 20 1.294600
2009 01 21 1.287000
2009 01 22 1.295500
2009 01 23 1.284900
2009 01 26 1.312300
2009 01 27 1.315900
2009 01 28 1.324400
2009 01 29 1.298800
2009 01 30 1.280400
2009 02 02 1.280800
2009 02 03 1.301000
2009 02 04 1.285700
2009 02 05 1.283800
2009 02 06 1.287400
2009 02 09 1.306400
2009 02 10 1.296600
2009 02 11 1.289300
2009 02 12 1.282200
2009 02 13 1.287900
2009 02 16 1.264800
2009 02 17 1.257100
2009 02 18 1.254700
2009 02 19 1.267500
2009 02 20 1.269000
2009 02 23 1.274700
2009 02 24 1.274200
2009 02 25 1.273100
2009 02 26 1.276400
2009 02 27 1.266200
2009 03 02 1.258000
2009 03 03 1.254900
2009 03 04 1.260700
2009 03 05 1.256500
2009 03 06 1.267400
2009 03 09 1.263600
2009 03 10 1.275200
2009 03 11 1.277400
2009 03 12 1.279900
2009 03 13 1.289100
2009 03 16 1.299700
2009 03 17 1.297200
2009 03 18 1.311000
2009 03 19 1.373000
2009 03 20 1.356600
2009 03 23 1.356900
2009 03 24 1.352400
2009 03 25 1.353900
2009 03 26 1.356000
2009 03 27 1.330600
2009 03 30 1.314600
2009 03 31 1.326100
2009 04 01 1.322300
2009 04 02 1.345800
2009 04 03 1.344700
2009 04 06 1.336300
2009 04 07 1.328200
2009 04 08 1.328800
2009 04 09 1.314900
2009 04 10 1.314300
2009 04 13 1.335400
2009 04 14 1.327700
2009 04 15 1.318200
2009 04 16 1.319700
2009 04 17 1.303000
2009 04 20 1.290300
2009 04 21 1.297800
2009 04 22 1.301200
2009 04 23 1.304800
2009 04 24 1.327700
2009 04 27 1.313600
2009 04 28 1.306100
2009 04 29 1.332400
2009 04 30 1.324400
2009 05 01 1.326700
2009 05 04 1.336500
2009 05 05 1.337500
2009 05 06 1.331300
2009 05 07 1.341100
2009 05 08 1.349400
2009 05 11 1.362000
2009 05 12 1.363800
2009 05 13 1.361200
2009 05 14 1.360800
2009 05 15 1.353900
2009 05 18 1.350300
2009 05 19 1.360800
2009 05 20 1.376500
2009 05 21 1.380400
2009 05 22 1.400500
2009 05 25 1.399525
2009 05 26 1.399200
2009 05 27 1.392400
2009 05 28 1.394800
2009 05 29 1.412600
2009 06 01 1.419200
2009 06 02 1.427000
2009 06 03 1.419400
2009 06 04 1.418700
2009 06 05 1.399000
2009 06 08 1.388400
2009 06 09 1.401400
2009 06 10 1.398300
2009 06 11 1.409300
2009 06 12 1.404000
2009 06 15 1.378400
2009 06 16 1.387800
2009 06 17 1.385000
2009 06 18 1.397800
2009 06 19 1.399800
2009 06 22 1.384600
2009 06 23 1.403500
2009 06 24 1.401500
2009 06 25 1.395300
2009 06 26 1.405600
2009 06 29 1.405800
2009 06 30 1.402000
2009 07 01 1.418600
2009 07 02 1.401800
2009 07 03 1.399100
2009 07 06 1.393800
2009 07 07 1.396500
2009 07 08 1.385200
2009 07 09 1.402600
2009 07 10 1.392600
2009 07 13 1.397300
2009 07 14 1.397100
2009 07 15 1.411600
2009 07 16 1.411500
2009 07 17 1.412000
2009 07 20 1.421100
2009 07 21 1.419600
2009 07 22 1.422000
2009 07 23 1.426600
2009 07 24 1.421300
2009 07 27 1.421200
2009 07 28 1.421500
2009 07 29 1.403300
2009 07 30 1.406600
2009 07 31 1.427900
2009 08 03 1.441600
2009 08 04 1.440000
2009 08 05 1.439100
2009 08 06 1.435700
2009 08 07 1.418000
2009 08 10 1.414300
2009 08 11 1.414100
2009 08 12 1.421500
2009 08 13 1.428300
2009 08 14 1.421600
2009 08 17 1.408800
2009 08 18 1.407500
2009 08 19 1.426200
2009 08 20 1.423500
2009 08 21 1.430500
2009 08 24 1.432000
2009 08 25 1.435000
2009 08 26 1.423000
2009 08 27 1.427200
2009 08 28 1.435800
2009 08 31 1.435400
2009 09 01 1.423500
2009 09 02 1.424600
2009 09 03 1.427800
2009 09 04 1.427800
2009 09 07 1.444225
2009 09 08 1.449700
2009 09 09 1.457300
2009 09 10 1.456800
2009 09 11 1.458600
2009 09 14 1.461300
2009 09 15 1.461700
2009 09 16 1.469800
2009 09 17 1.473500
2009 09 18 1.470400
2009 09 21 1.469200
2009 09 22 1.479500
2009 09 23 1.475200
2009 09 24 1.469600
2009 09 25 1.468200
2009 09 28 1.465000
2009 09 29 1.455300
2009 09 30 1.463000
2009 10 01 1.453200
2009 10 02 1.459000
2009 10 05 1.464700
2009 10 06 1.474400
2009 10 07 1.467500
2009 10 08 1.477700
2009 10 09 1.471500
2009 10 12 1.480800
2009 10 13 1.483900
2009 10 14 1.489900
2009 10 15 1.494500
2009 10 16 1.488900
2009 10 19 1.494700
2009 10 20 1.490500
2009 10 21 1.500900
2009 10 22 1.500300
2009 10 23 1.502900
2009 10 26 1.494100
2009 10 27 1.482100
2009 10 28 1.476300
2009 10 29 1.481900
2009 10 30 1.475500
2009 11 02 1.482800
2009 11 03 1.465800
2009 11 04 1.483600
2009 11 05 1.485700
2009 11 06 1.483500
2009 11 09 1.499900
2009 11 10 1.496000
2009 11 11 1.491250
2009 11 12 1.486500
2009 11 13 1.488600
2009 11 16 1.497700
2009 11 17 1.483000
2009 11 18 1.499000
2009 11 19 1.490500
2009 11 20 1.487000
2009 11 23 1.496800
2009 11 24 1.493700
2009 11 25 1.508500
2009 11 26 1.502400
2009 11 27 1.496300
2009 11 30 1.499400
2009 12 01 1.510000
2009 12 02 1.505900
2009 12 03 1.508100
2009 12 04 1.488500
2009 12 07 1.482000
2009 12 08 1.474100
2009 12 09 1.472500
2009 12 10 1.471600
2009 12 11 1.460100
2009 12 14 1.464500
2009 12 15 1.451400
2009 12 16 1.457700
2009 12 17 1.431700
2009 12 18 1.428100
2009 12 21 1.431900
2009 12 22 1.424300
2009 12 23 1.434100
2009 12 24 1.436700
2009 12 25 1.437325
2009 12 28 1.439200
2009 12 29 1.435600
2009 12 30 1.431600
2009 12 31 1.433200
2010 01 01 1.435375
2010 01 04 1.441900
2010 01 05 1.440200
2010 01 06 1.440400
2010 01 07 1.431400
2010 01 08 1.435700
2010 01 11 1.453600
2010 01 12 1.452300
2010 01 13 1.449200
2010 01 14 1.447800
2010 01 15 1.437600
2010 01 18 1.429575
2010 01 19 1.426900
2010 01 20 1.409400
2010 01 21 1.410600
2010 01 22 1.415400
2010 01 25 1.414600
2010 01 26 1.406300
2010 01 27 1.405300
2010 01 28 1.399300
2010 01 29 1.387000
2010 02 01 1.390400
2010 02 02 1.395500
2010 02 03 1.390700
2010 02 04 1.375900
2010 02 05 1.360800
2010 02 08 1.369900
2010 02 09 1.379500
2010 02 10 1.372200
2010 02 11 1.364000
2010 02 12 1.362500
2010 02 15 1.371275
2010 02 16 1.374200
2010 02 17 1.362300
2010 02 18 1.356300
2010 02 19 1.353800
2010 02 22 1.359000
2010 02 23 1.353700
2010 02 24 1.357600
2010 02 25 1.347600
2010 02 26 1.366000
2010 03 01 1.351600
2010 03 02 1.356400
2010 03 03 1.373100
2010 03 04 1.357100
2010 03 05 1.360800
2010 03 08 1.361300
2010 03 09 1.358600
2010 03 10 1.365800
2010 03 11 1.367400
2010 03 12 1.375300
2010 03 15 1.365200
2010 03 16 1.375800
2010 03 17 1.373900
2010 03 18 1.360300
2010 03 19 1.353000
2010 03 22 1.353100
2010 03 23 1.353500
2010 03 24 1.334700
2010 03 25 1.334400
2010 03 26 1.339800
2010 03 29 1.346500
2010 03 30 1.340900
2010 03 31 1.352600
2010 04 01 1.356900
2010 04 02 1.348700
2010 04 05 1.348600
2010 04 06 1.337800
2010 04 07 1.336400
2010 04 08 1.336000
2010 04 09 1.346800
2010 04 12 1.358700
2010 04 13 1.359200
2010 04 14 1.366600
2010 04 15 1.354000
2010 04 16 1.348700
2010 04 19 1.345800
2010 04 20 1.344600
2010 04 21 1.338300
2010 04 22 1.329800
2010 04 23 1.336000
2010 04 26 1.333600
2010 04 27 1.323000
2010 04 28 1.313000
2010 04 29 1.324300
2010 04 30 1.330200
2010 05 03 1.318300
2010 05 04 1.303700
2010 05 05 1.289000
2010 05 06 1.268900
2010 05 07 1.272100
2010 05 10 1.286100
2010 05 11 1.271500
2010 05 12 1.264200
2010 05 13 1.256800
2010 05 14 1.239000
2010 05 17 1.229900
2010 05 18 1.235800
2010 05 19 1.231700
2010 05 20 1.237000
2010 05 21 1.257500
2010 05 24 1.240600
2010 05 25 1.227900
2010 05 26 1.222400
2010 05 27 1.237000
2010 05 28 1.236900
2010 05 31 1.229175
2010 06 01 1.226600
2010 06 02 1.220600
2010 06 03 1.219300
2010 06 04 1.199800
2010 06 07 1.195900
2010 06 08 1.199500
2010 06 09 1.204500
2010 06 10 1.211100
2010 06 11 1.207700
2010 06 14 1.227700
2010 06 15 1.232700
2010 06 16 1.232300
2010 06 17 1.236500
2010 06 18 1.236000
2010 06 21 1.238500
2010 06 22 1.230300
2010 06 23 1.231000
2010 06 24 1.228800
2010 06 25 1.233200
2010 06 28 1.231600
2010 06 29 1.218700
2010 06 30 1.229100
2010 07 01 1.246400
2010 07 02 1.257700
2010 07 05 1.262875
2010 07 06 1.264600
2010 07 07 1.259400
2010 07 08 1.268300
2010 07 09 1.263900
2010 07 12 1.257300
2010 07 13 1.271900
2010 07 14 1.275500
2010 07 15 1.289300
2010 07 16 1.291900
2010 07 19 1.296300
2010 07 20 1.290500
2010 07 21 1.281800
2010 07 22 1.290300
2010 07 23 1.287400
2010 07 26 1.298300
2010 07 27 1.298300
2010 07 28 1.299800
2010 07 29 1.306400
2010 07 30 1.306900
2010 08 02 1.317400
2010 08 03 1.323900
2010 08 04 1.315800
2010 08 05 1.315700
2010 08 06 1.328200
2010 08 09 1.324100
2010 08 10 1.309500
2010 08 11 1.289900
2010 08 12 1.286600
2010 08 13 1.276700
2010 08 16 1.283800
2010 08 17 1.289000
2010 08 18 1.287200
2010 08 19 1.283700
2010 08 20 1.268700
2010 08 23 1.266300
2010 08 24 1.267500
2010 08 25 1.265200
2010 08 26 1.271700
2010 08 27 1.276500
2010 08 30 1.268600
2010 08 31 1.270400
2010 09 01 1.281300
2010 09 02 1.282400
2010 09 03 1.288500
2010 09 06 1.276350
2010 09 07 1.272300
2010 09 08 1.272700
2010 09 09 1.270800
2010 09 10 1.273100
2010 09 13 1.289000
2010 09 14 1.301400
2010 09 15 1.300800
2010 09 16 1.307900
2010 09 17 1.304600
2010 09 20 1.307400
2010 09 21 1.313600
2010 09 22 1.338500
2010 09 23 1.334400
2010 09 24 1.347600
2010 09 27 1.347500
2010 09 28 1.358300
2010 09 29 1.363800
2010 09 30 1.360100
2010 10 01 1.375400
2010 10 04 1.368800
2010 10 05 1.383400
2010 10 06 1.392400
2010 10 07 1.392100
2010 10 08 1.392300
2010 10 11 1.386525
2010 10 12 1.384600
2010 10 13 1.396400
2010 10 14 1.406600
2010 10 15 1.399800
2010 10 18 1.397800
2010 10 19 1.382700
2010 10 20 1.394900
2010 10 21 1.397300
2010 10 22 1.390400
2010 10 25 1.398600
2010 10 26 1.387300
2010 10 27 1.378800
2010 10 28 1.392900
2010 10 29 1.389400
2010 11 01 1.388800
2010 11 02 1.402600
2010 11 03 1.401400
2010 11 04 1.422400
2010 11 05 1.403300
2010 11 08 1.392700
2010 11 09 1.386500
2010 11 10 1.372800
2010 11 11 1.371400
2010 11 12 1.370000
2010 11 15 1.361500
2010 11 16 1.351700
2010 11 17 1.355500
2010 11 18 1.361800
2010 11 19 1.365400
2010 11 22 1.361200
2010 11 23 1.338800
2010 11 24 1.335000
2010 11 25 1.329650
2010 11 26 1.324300
2010 11 29 1.309200
2010 11 30 1.303600
2010 12 01 1.314900
2010 12 02 1.322800
2010 12 03 1.336700
2010 12 06 1.327500
2010 12 07 1.332300
2010 12 08 1.324200
2010 12 09 1.320600
2010 12 10 1.324200
2010 12 13 1.338900
2010 12 14 1.339500
2010 12 15 1.330600
2010 12 16 1.320600
2010 12 17 1.315500
2010 12 20 1.312400
2010 12 21 1.313100
2010 12 22 1.308900
2010 12 23 1.310100
2010 12 24 1.311225
2010 12 27 1.314600
2010 12 28 1.312200
2010 12 29 1.318300
2010 12 30 1.326900
2010 12 31 1.329450
2011 01 03 1.337100
2011 01 04 1.330600
2011 01 05 1.317100
2011 01 06 1.302700
2011 01 07 1.294400
2011 01 10 1.294500
2011 01 11 1.297800
2011 01 12 1.306600
2011 01 13 1.336400
2011 01 14 1.332800
2011 01 17 1.338125
2011 01 18 1.339900
2011 01 19 1.349500
2011 01 20 1.344300
2011 01 21 1.358100
2011 01 24 1.365300
2011 01 25 1.364400
2011 01 26 1.368800
2011 01 27 1.368800
2011 01 28 1.360700
2011 01 31 1.371500
2011 02 01 1.379300
2011 02 02 1.377900
2011 02 03 1.365400
2011 02 04 1.358400
2011 02 07 1.355700
2011 02 08 1.368700
2011 02 09 1.368800
2011 02 10 1.363700
2011 02 11 1.352000
2011 02 14 1.347400
2011 02 15 1.349400
2011 02 16 1.354700
2011 02 17 1.361200
2011 02 18 1.367300
2011 02 21 1.366400
2011 02 22 1.366100
2011 02 23 1.375800
2011 02 24 1.379400
2011 02 25 1.375700
2011 02 28 1.379300
2011 03 01 1.381300
2011 03 02 1.386900
2011 03 03 1.394700
2011 03 04 1.398300
2011 03 07 1.397600
2011 03 08 1.391200
2011 03 09 1.390600
2011 03 10 1.382300
2011 03 11 1.386400
2011 03 14 1.397500
2011 03 15 1.396800
2011 03 16 1.392200
2011 03 17 1.402100
2011 03 18 1.414100
2011 03 21 1.418400
2011 03 22 1.421200
2011 03 23 1.412400
2011 03 24 1.420000
2011 03 25 1.414400
2011 03 28 1.410400
2011 03 29 1.409000
2011 03 30 1.409500
2011 03 31 1.418300
2011 04 01 1.421500
2011 04 04 1.422100
2011 04 05 1.423000
2011 04 06 1.433300
2011 04 07 1.428700
2011 04 08 1.443700
2011 04 11 1.445400
2011 04 12 1.445500
2011 04 13 1.447700
2011 04 14 1.446400
2011 04 15 1.444300
2011 04 18 1.421100
2011 04 19 1.431900
2011 04 20 1.451300
2011 04 21 1.458500
2011 04 22 1.454500
2011 04 25 1.457600
2011 04 26 1.462500
2011 04 27 1.465900
2011 04 28 1.478500
2011 04 29 1.482100
2011 05 02 1.487000
2011 05 03 1.487500
2011 05 04 1.485900
2011 05 05 1.458300
2011 05 06 1.449500
2011 05 09 1.430100
2011 05 10 1.435800
2011 05 11 1.426900
2011 05 12 1.422900
2011 05 13 1.414100
2011 05 16 1.421900
2011 05 17 1.415500
2011 05 18 1.427000
2011 05 19 1.425400
2011 05 20 1.417200
2011 05 23 1.401500
2011 05 24 1.410700
2011 05 25 1.410200
2011 05 26 1.408800
2011 05 27 1.428700
2011 05 30 1.435375
2011 05 31 1.437600
2011 06 01 1.443100
2011 06 02 1.442600
2011 06 03 1.460400
2011 06 06 1.462000
2011 06 07 1.467500
2011 06 08 1.458700
2011 06 09 1.453400
2011 06 10 1.436500
2011 06 13 1.436800
2011 06 14 1.447300
2011 06 15 1.422100
2011 06 16 1.415500
2011 06 17 1.432600
2011 06 20 1.432000
2011 06 21 1.439900
2011 06 22 1.440300
2011 06 23 1.416600
2011 06 24 1.418900
2011 06 27 1.428200
2011 06 28 1.436800
2011 06 29 1.442800
2011 06 30 1.452300
2011 07 01 1.450800
2011 07 04 1.447950
2011 07 05 1.447000
2011 07 06 1.432900
2011 07 07 1.434900
2011 07 08 1.425100
2011 07 11 1.403400
2011 07 12 1.401400
2011 07 13 1.416700
2011 07 14 1.418200
2011 07 15 1.415600
2011 07 18 1.404200
2011 07 19 1.415600
2011 07 20 1.418800
2011 07 21 1.437200
2011 07 22 1.436600
2011 07 25 1.435700
2011 07 26 1.449500
2011 07 27 1.437300
2011 07 28 1.430300
2011 07 29 1.438800
2011 08 01 1.420200
2011 08 02 1.423200
2011 08 03 1.432000
2011 08 04 1.415800
2011 08 05 1.415800
2011 08 08 1.424100
2011 08 09 1.424200
2011 08 10 1.419300
2011 08 11 1.423000
2011 08 12 1.423900
2011 08 15 1.445200
2011 08 16 1.442100
2011 08 17 1.443600
2011 08 18 1.432000
2011 08 19 1.440800
2011 08 22 1.438400
2011 08 23 1.443100
2011 08 24 1.440200
2011 08 25 1.438000
2011 08 26 1.446300
2011 08 29 1.451000
2011 08 30 1.443500
2011 08 31 1.440600
2011 09 01 1.428300
2011 09 02 1.420300
2011 09 05 1.405000
2011 09 06 1.399900
2011 09 07 1.405800
2011 09 08 1.394700
2011 09 09 1.366600
2011 09 12 1.363500
2011 09 13 1.368000
2011 09 14 1.371000
2011 09 15 1.385800
2011 09 16 1.378300
2011 09 19 1.363600
2011 09 20 1.369700
2011 09 21 1.372400
2011 09 22 1.344600
2011 09 23 1.351800
2011 09 26 1.351600
2011 09 27 1.360600
2011 09 28 1.362800
2011 09 29 1.363900
2011 09 30 1.344900
2011 10 03 1.328100
2011 10 04 1.329400
2011 10 05 1.332800
2011 10 06 1.340800
2011 10 07 1.351200
2011 10 10 1.362075
2011 10 11 1.365700
2011 10 12 1.380500
2011 10 13 1.373000
2011 10 14 1.386100
2011 10 17 1.377000
2011 10 18 1.371900
2011 10 19 1.377500
2011 10 20 1.367200
2011 10 21 1.387300
2011 10 24 1.393200
2011 10 25 1.391100
2011 10 26 1.383800
2011 10 27 1.417200
2011 10 28 1.416400
2011 10 31 1.394700
2011 11 01 1.367600
2011 11 02 1.380300
2011 11 03 1.374400
2011 11 04 1.376100
2011 11 07 1.374400
2011 11 08 1.378500
2011 11 09 1.359600
2011 11 10 1.360000
2011 11 11 1.360625
2011 11 14 1.362500
2011 11 15 1.352400
2011 11 16 1.350500
2011 11 17 1.352200
2011 11 18 1.352100
2011 11 21 1.352500
2011 11 22 1.350000
2011 11 23 1.334700
2011 11 24 1.329550
2011 11 25 1.324400
2011 11 28 1.333400
2011 11 29 1.334300
2011 11 30 1.345300
2011 12 01 1.348700
2011 12 02 1.338600
2011 12 05 1.346300
2011 12 06 1.339700
2011 12 07 1.338600
2011 12 08 1.332400
2011 12 09 1.336800
2011 12 12 1.318800
2011 12 13 1.309400
2011 12 14 1.297200
2011 12 15 1.301300
2011 12 16 1.302500
2011 12 19 1.301700
2011 12 20 1.307600
2011 12 21 1.304000
2011 12 22 1.304500
2011 12 23 1.304000
2011 12 26 1.306550
2011 12 27 1.307400
2011 12 28 1.292600
2011 12 29 1.295200
2011 12 30 1.297300
2012 01 02 1.303900
2012 01 03 1.306100
2012 01 04 1.293000
2012 01 05 1.278300
2012 01 06 1.272300
2012 01 09 1.274500
2012 01 10 1.278200
2012 01 11 1.268600
2012 01 12 1.281800
2012 01 13 1.268200
2012 01 16 1.272550
2012 01 17 1.274000
2012 01 18 1.282500
2012 01 19 1.293700
2012 01 20 1.294800
2012 01 23 1.303500
2012 01 24 1.300400
2012 01 25 1.297800
2012 01 26 1.315200
2012 01 27 1.319200
2012 01 30 1.312300
2012 01 31 1.305300
2012 02 01 1.317900
2012 02 02 1.316700
2012 02 03 1.310600
2012 02 06 1.313000
2012 02 07 1.324400
2012 02 08 1.325300
2012 02 09 1.329700
2012 02 10 1.318700
2012 02 13 1.321100
2012 02 14 1.314900
2012 02 15 1.308700
2012 02 16 1.311000
2012 02 17 1.314900
2012 02 20 1.322850
2012 02 21 1.325500
2012 02 22 1.325100
2012 02 23 1.330800
2012 02 24 1.346300
2012 02 27 1.341000
2012 02 28 1.345200
2012 02 29 1.335900
2012 03 01 1.332000
2012 03 02 1.320200
2012 03 05 1.322600
2012 03 06 1.311400
2012 03 07 1.314900
2012 03 08 1.325600
2012 03 09 1.310800
2012 03 12 1.314100
2012 03 13 1.310900
2012 03 14 1.302500
2012 03 15 1.307000
2012 03 16 1.317100
2012 03 19 1.324200
2012 03 20 1.322200
2012 03 21 1.319000
2012 03 22 1.319400
2012 03 23 1.326300
2012 03 26 1.332800
2012 03 27 1.333600
2012 03 28 1.330000
2012 03 29 1.326500
2012 03 30 1.333400
2012 04 02 1.332500
2012 04 03 1.333700
2012 04 04 1.312600
2012 04 05 1.306400
2012 04 06 1.308900
2012 04 09 1.308700
2012 04 10 1.306800
2012 04 11 1.310400
2012 04 12 1.317100
2012 04 13 1.308200
2012 04 16 1.306700
2012 04 17 1.312300
2012 04 18 1.312200
2012 04 19 1.313200
2012 04 20 1.321200
2012 04 23 1.312900
2012 04 24 1.320700
2012 04 25 1.321000
2012 04 26 1.323200
2012 04 27 1.324800
2012 04 30 1.322900
2012 05 01 1.322600
2012 05 02 1.315400
2012 05 03 1.314700
2012 05 04 1.309100
2012 05 07 1.305200
2012 05 08 1.301500
2012 05 09 1.295400
2012 05 10 1.295900
2012 05 11 1.293700
2012 05 14 1.284700
2012 05 15 1.276900
2012 05 16 1.273000
2012 05 17 1.270900
2012 05 18 1.272100
2012 05 21 1.276900
2012 05 22 1.273500
2012 05 23 1.256900
2012 05 24 1.258300
2012 05 25 1.251800
2012 05 28 1.249550
2012 05 29 1.248800
2012 05 30 1.240500
2012 05 31 1.236400
2012 06 01 1.242000
2012 06 04 1.249500
2012 06 05 1.243700
2012 06 06 1.253500
2012 06 07 1.256800
2012 06 08 1.248200
2012 06 11 1.250400
2012 06 12 1.247700
2012 06 13 1.259600
2012 06 14 1.260800
2012 06 15 1.263300
2012 06 18 1.257800
2012 06 19 1.269200
2012 06 20 1.270300
2012 06 21 1.258600
2012 06 22 1.254500
2012 06 25 1.248000
2012 06 26 1.247100
2012 06 27 1.245700
2012 06 28 1.243300
2012 06 29 1.266800
2012 07 02 1.258400
2012 07 03 1.262000
2012 07 04 1.250200
2012 07 05 1.238400
2012 07 06 1.228300
2012 07 09 1.229900
2012 07 10 1.225500
2012 07 11 1.224400
2012 07 12 1.219900
2012 07 13 1.223200
2012 07 16 1.226700
2012 07 17 1.223400
2012 07 18 1.226100
2012 07 19 1.225700
2012 07 20 1.217600
2012 07 23 1.212600
2012 07 24 1.206200
2012 07 25 1.213200
2012 07 26 1.228000
2012 07 27 1.237000
2012 07 30 1.225000
2012 07 31 1.231500
2012 08 01 1.229900
2012 08 02 1.214900
2012 08 03 1.239000
2012 08 06 1.242200
2012 08 07 1.242200
2012 08 08 1.236400
2012 08 09 1.227800
2012 08 10 1.229800
2012 08 13 1.233900
2012 08 14 1.232900
2012 08 15 1.228800
2012 08 16 1.235600
2012 08 17 1.231500
2012 08 20 1.234300
2012 08 21 1.247200
2012 08 22 1.247200
2012 08 23 1.258300
2012 08 24 1.253300
2012 08 27 1.251400
2012 08 28 1.256400
2012 08 29 1.253800
2012 08 30 1.249700
2012 08 31 1.257800
2012 09 03 1.256900
2012 09 04 1.256600
2012 09 05 1.260300
2012 09 06 1.262600
2012 09 07 1.279600
2012 09 10 1.279500
2012 09 11 1.285800
2012 09 12 1.289400
2012 09 13 1.291200
2012 09 14 1.314200
2012 09 17 1.312500
2012 09 18 1.305100
2012 09 19 1.306500
2012 09 20 1.294800
2012 09 21 1.299000
2012 09 24 1.290900
2012 09 25 1.294500
2012 09 26 1.285200
2012 09 27 1.287400
2012 09 28 1.285600
2012 10 01 1.290000
2012 10 02 1.295100
2012 10 03 1.290900
2012 10 04 1.300100
2012 10 05 1.305900
2012 10 08 1.292175
2012 10 09 1.287600
2012 10 10 1.288800
2012 10 11 1.292800
2012 10 12 1.294600
2012 10 15 1.295000
2012 10 16 1.303600
2012 10 17 1.313300
2012 10 18 1.310600
2012 10 19 1.302200
2012 10 22 1.306300
2012 10 23 1.297100
2012 10 24 1.294600
2012 10 25 1.295800
2012 10 26 1.293800
2012 10 29 1.290600
2012 10 30 1.297900
2012 10 31 1.295800
2012 11 01 1.293700
2012 11 02 1.284800
2012 11 05 1.279000
2012 11 06 1.281800
2012 11 07 1.275900
2012 11 08 1.274000
2012 11 09 1.271500
2012 11 12 1.271575
2012 11 13 1.271600
2012 11 14 1.274000
2012 11 15 1.278300
2012 11 16 1.271500
2012 11 19 1.280600
2012 11 20 1.281400
2012 11 21 1.281600
2012 11 22 1.288750
2012 11 23 1.295900
2012 11 26 1.296600
2012 11 27 1.294000
2012 11 28 1.292300
2012 11 29 1.295300
2012 11 30 1.301000
2012 12 03 1.306600
2012 12 04 1.308100
2012 12 05 1.307700
2012 12 06 1.296800
2012 12 07 1.294200
2012 12 10 1.293000
2012 12 11 1.299200
2012 12 12 1.303800
2012 12 13 1.307700
2012 12 14 1.313400
2012 12 17 1.316900
2012 12 18 1.322400
2012 12 19 1.326000
2012 12 20 1.322400
2012 12 21 1.316600
2012 12 24 1.317900
2012 12 25 1.320350
2012 12 26 1.322800
2012 12 27 1.322800
2012 12 28 1.322000
2012 12 31 1.318600
2013 01 01 1.319050
2013 01 02 1.319500
2013 01 03 1.311000
2013 01 04 1.304700
2013 01 07 1.309900
2013 01 08 1.306800
2013 01 09 1.307800
2013 01 10 1.322000
2013 01 11 1.335300
2013 01 14 1.336900
2013 01 15 1.334200
2013 01 16 1.330500
2013 01 17 1.335600
2013 01 18 1.330300
2013 01 21 1.330375
2013 01 22 1.330400
2013 01 23 1.330800
2013 01 24 1.337800
2013 01 25 1.345600
2013 01 28 1.345900
2013 01 29 1.348400
2013 01 30 1.356400
2013 01 31 1.358400
2013 02 01 1.369200
2013 02 04 1.352700
2013 02 05 1.356900
2013 02 06 1.352800
2013 02 07 1.338200
2013 02 08 1.336600
2013 02 11 1.341400
2013 02 12 1.345000
2013 02 13 1.344800
2013 02 14 1.333400
2013 02 15 1.336200
2013 02 18 1.338075
2013 02 19 1.338700
2013 02 20 1.335000
2013 02 21 1.320400
2013 02 22 1.316600
2013 02 25 1.317200
2013 02 26 1.305400
2013 02 27 1.310400
2013 02 28 1.307900
2013 03 01 1.298800
2013 03 04 1.299600
2013 03 05 1.301900
2013 03 06 1.299000
2013 03 07 1.309800
2013 03 08 1.299200
2013 03 11 1.301400
2013 03 12 1.302300
2013 03 13 1.294900
2013 03 14 1.297400
2013 03 15 1.307600
2013 03 18 1.295600
2013 03 19 1.288800
2013 03 20 1.295000
2013 03 21 1.292800
2013 03 22 1.299600
2013 03 25 1.288100
2013 03 26 1.285800
2013 03 27 1.278200
2013 03 28 1.284200
2013 03 29 1.281600
2013 04 01 1.285700
2013 04 02 1.283600
2013 04 03 1.284700
2013 04 04 1.285400
2013 04 05 1.302700
2013 04 08 1.300800
2013 04 09 1.309200
2013 04 10 1.306000
2013 04 11 1.312400
2013 04 12 1.309400
2013 04 15 1.308200
2013 04 16 1.314100
2013 04 17 1.304900
2013 04 18 1.307200
2013 04 19 1.306600
2013 04 22 1.305000
2013 04 23 1.301200
2013 04 24 1.299700
2013 04 25 1.300400
2013 04 26 1.302400
2013 04 29 1.309000
2013 04 30 1.316800
2013 05 01 1.319200
2013 05 02 1.306600
2013 05 03 1.311200
2013 05 06 1.306700
2013 05 07 1.308500
2013 05 08 1.317700
2013 05 09 1.310500
2013 05 10 1.295500
2013 05 13 1.298100
2013 05 14 1.296900
2013 05 15 1.285700
2013 05 16 1.289800
2013 05 17 1.281800
2013 05 20 1.286500
2013 05 21 1.291000
2013 05 22 1.286400
2013 05 23 1.294400
2013 05 24 1.292000
2013 05 27 1.288250
2013 05 28 1.287000
2013 05 29 1.294400
2013 05 30 1.304200
2013 05 31 1.298800
2013 06 03 1.309800
2013 06 04 1.307500
2013 06 05 1.308800
2013 06 06 1.324800
2013 06 07 1.324200
2013 06 10 1.323400
2013 06 11 1.327800
2013 06 12 1.335400
2013 06 13 1.331400
2013 06 14 1.333000
2013 06 17 1.334100
2013 06 18 1.340700
2013 06 19 1.340400
2013 06 20 1.321400
2013 06 21 1.311300
2013 06 24 1.309100
2013 06 25 1.308000
2013 06 26 1.300600
2013 06 27 1.301600
2013 06 28 1.301000
2013 07 01 1.306000
2013 07 02 1.301700
2013 07 03 1.300500
2013 07 04 1.291800
2013 07 05 1.283100
2013 07 08 1.286300
2013 07 09 1.277400
2013 07 10 1.284600
2013 07 11 1.304600
2013 07 12 1.304800
2013 07 15 1.303900
2013 07 16 1.314400
2013 07 17 1.309400
2013 07 18 1.307800
2013 07 19 1.314200
2013 07 22 1.319300
2013 07 23 1.321200
2013 07 24 1.322800
2013 07 25 1.323400
2013 07 26 1.326900
2013 07 29 1.326200
2013 07 30 1.326600
2013 07 31 1.328200
2013 08 01 1.321700
2013 08 02 1.326800
2013 08 05 1.325700
2013 08 06 1.329600
2013 08 07 1.332900
2013 08 08 1.339200
2013 08 09 1.333800
2013 08 12 1.331200
2013 08 13 1.324700
2013 08 14 1.325600
2013 08 15 1.326300
2013 08 16 1.332100
2013 08 19 1.334800
2013 08 20 1.342600
2013 08 21 1.336800
2013 08 22 1.336200
2013 08 23 1.339200
2013 08 26 1.336900
2013 08 27 1.338700
2013 08 28 1.332600
2013 08 29 1.322800
2013 08 30 1.319600
2013 09 02 1.317200
2013 09 03 1.316400
2013 09 04 1.321200
2013 09 05 1.312000
2013 09 06 1.316600
2013 09 09 1.326000
2013 09 10 1.326000
2013 09 11 1.330100
2013 09 12 1.331500
2013 09 13 1.327600
2013 09 16 1.335000
2013 09 17 1.335700
2013 09 18 1.335100
2013 09 19 1.352700
2013 09 20 1.352200
2013 09 23 1.352000
2013 09 24 1.349000
2013 09 25 1.353600
2013 09 26 1.348400
2013 09 27 1.353700
2013 09 30 1.353500
2013 10 01 1.353400
2013 10 02 1.359200
2013 10 03 1.364200
2013 10 04 1.358200
2013 10 07 1.356900
2013 10 08 1.358200
2013 10 09 1.351300
2013 10 10 1.353500
2013 10 11 1.355900
2013 10 14 1.351025
2013 10 15 1.349400
2013 10 16 1.349000
2013 10 17 1.366400
2013 10 18 1.369300
2013 10 21 1.367200
2013 10 22 1.377800
2013 10 23 1.378600
2013 10 24 1.381000
2013 10 25 1.379400
2013 10 28 1.378600
2013 10 29 1.377000
2013 10 30 1.377100
2013 10 31 1.359400
2013 11 01 1.348800
2013 11 04 1.351600
2013 11 05 1.347000
2013 11 06 1.353000
2013 11 07 1.339000
2013 11 08 1.335700
2013 11 11 1.341025
2013 11 12 1.342800
2013 11 13 1.345600
2013 11 14 1.346800
2013 11 15 1.348000
2013 11 18 1.352000
2013 11 19 1.352900
2013 11 20 1.345100
2013 11 21 1.347000
2013 11 22 1.354700
2013 11 25 1.350200
2013 11 26 1.355500
2013 11 27 1.356300
2013 11 28 1.358450
2013 11 29 1.360600
2013 12 02 1.355200
2013 12 03 1.360400
2013 12 04 1.355500
2013 12 05 1.366400
2013 12 06 1.369000
2013 12 09 1.372600
2013 12 10 1.376500
2013 12 11 1.379800
2013 12 12 1.375200
2013 12 13 1.372400
2013 12 16 1.375700
2013 12 17 1.374800
2013 12 18 1.376600
2013 12 19 1.366600
2013 12 20 1.367300
2013 12 23 1.370100
2013 12 24 1.367600
2013 12 25 1.368300
2013 12 26 1.369000
2013 12 27 1.376600
2013 12 30 1.381600
2013 12 31 1.377900
2014 01 01 1.372450
2014 01 02 1.367000
2014 01 03 1.360600
2014 01 06 1.363600
2014 01 07 1.361800
2014 01 08 1.358600
2014 01 09 1.359100
2014 01 10 1.366400
2014 01 13 1.364700
2014 01 14 1.368200
2014 01 15 1.360400
2014 01 16 1.360000
2014 01 17 1.355400
2014 01 20 1.355850
2014 01 21 1.356000
2014 01 22 1.354600
2014 01 23 1.368000
2014 01 24 1.368000
2014 01 27 1.367900
2014 01 28 1.366200
2014 01 29 1.366300
2014 01 30 1.354900
2014 01 31 1.350000
2014 02 03 1.352300
2014 02 04 1.350700
2014 02 05 1.351900
2014 02 06 1.360400
2014 02 07 1.361400
2014 02 10 1.364400
2014 02 11 1.365400
2014 02 12 1.359200
2014 02 13 1.366900
2014 02 14 1.369000
2014 02 17 1.374100
2014 02 18 1.375800
2014 02 19 1.376200
2014 02 20 1.369000
2014 02 21 1.372200
2014 02 24 1.374400
2014 02 25 1.374900
2014 02 26 1.366800
2014 02 27 1.372400
2014 02 28 1.380600
2014 03 03 1.376300
2014 03 04 1.373100
2014 03 05 1.373400
2014 03 06 1.384800
2014 03 07 1.386800
2014 03 10 1.388000
2014 03 11 1.386700
2014 03 12 1.390400
2014 03 13 1.392700
2014 03 14 1.392400
2014 03 17 1.392700
2014 03 18 1.391300
2014 03 19 1.391000
2014 03 20 1.378400
2014 03 21 1.378300
2014 03 24 1.378400
2014 03 25 1.377700
2014 03 26 1.378600
2014 03 27 1.375200
2014 03 28 1.375300
2014 03 31 1.377700
2014 04 01 1.380400
2014 04 02 1.376100
2014 04 03 1.370800
2014 04 04 1.370400
2014 04 07 1.374500
2014 04 08 1.380200
2014 04 09 1.381600
2014 04 10 1.389200
2014 04 11 1.389800
2014 04 14 1.382400
2014 04 15 1.380600
2014 04 16 1.382000
2014 04 17 1.383200
2014 04 18 1.381600
2014 04 21 1.379000
2014 04 22 1.380400
2014 04 23 1.381400
2014 04 24 1.382800
2014 04 25 1.383800
2014 04 28 1.384400
2014 04 29 1.380800
2014 04 30 1.387000
2014 05 01 1.386700
2014 05 02 1.386400
2014 05 05 1.388400
2014 05 06 1.392400
2014 05 07 1.391700
2014 05 08 1.386400
2014 05 09 1.376300
2014 05 12 1.376000
2014 05 13 1.371100
2014 05 14 1.371800
2014 05 15 1.371200
2014 05 16 1.370800
2014 05 19 1.371600
2014 05 20 1.370200
2014 05 21 1.365700
2014 05 22 1.365200
2014 05 23 1.362800
2014 05 26 1.362050
2014 05 27 1.361800
2014 05 28 1.359600
2014 05 29 1.360800
2014 05 30 1.364000
2014 06 02 1.360600
2014 06 03 1.362400
2014 06 04 1.361900
2014 06 05 1.361800
2014 06 06 1.363900
2014 06 09 1.358900
2014 06 10 1.354300
2014 06 11 1.353200
2014 06 12 1.355600
2014 06 13 1.352200
2014 06 16 1.357800
2014 06 17 1.354300
2014 06 18 1.356700
2014 06 19 1.362000
2014 06 20 1.358600
2014 06 23 1.359300
2014 06 24 1.358800
2014 06 25 1.363800
2014 06 26 1.361000
2014 06 27 1.363100
2014 06 30 1.369000
2014 07 01 1.368100
2014 07 02 1.365600
2014 07 03 1.361000
2014 07 04 1.360850
2014 07 07 1.360400
2014 07 08 1.361400
2014 07 09 1.363000
2014 07 10 1.360000
2014 07 11 1.359800
2014 07 14 1.362000
2014 07 15 1.357300
2014 07 16 1.353000
2014 07 17 1.353000
2014 07 18 1.351500
2014 07 21 1.352400
2014 07 22 1.347000
2014 07 23 1.346200
2014 07 24 1.346800
2014 07 25 1.343100
2014 07 28 1.344000
2014 07 29 1.341000
2014 07 30 1.337800
2014 07 31 1.339000
2014 08 01 1.343600
2014 08 04 1.341400
2014 08 05 1.336600
2014 08 06 1.335500
2014 08 07 1.336200
2014 08 08 1.341200
2014 08 11 1.338500
2014 08 12 1.335700
2014 08 13 1.336700
2014 08 14 1.337600
2014 08 15 1.339200
2014 08 18 1.335800
2014 08 19 1.332000
2014 08 20 1.328400
2014 08 21 1.328400
2014 08 22 1.323700
2014 08 25 1.320600
2014 08 26 1.318900
2014 08 27 1.319200
2014 08 28 1.317800
2014 08 29 1.315000
2014 09 01 1.313050
2014 09 02 1.312400
2014 09 03 1.313600
2014 09 04 1.292600
2014 09 05 1.295600
2014 09 08 1.294800
2014 09 09 1.290900
2014 09 10 1.290800
2014 09 11 1.293600
2014 09 12 1.295500
2014 09 15 1.295100
2014 09 16 1.297600
2014 09 17 1.295800
2014 09 18 1.291300
2014 09 19 1.283500
2014 09 22 1.282900
2014 09 23 1.285800
2014 09 24 1.278800
2014 09 25 1.274800
2014 09 26 1.268600
2014 09 29 1.270300
2014 09 30 1.262800
2014 10 01 1.261800
2014 10 02 1.267000
2014 10 03 1.251700
2014 10 06 1.259200
2014 10 07 1.262600
2014 10 08 1.268300
2014 10 09 1.268300
2014 10 10 1.263600
2014 10 13 1.265400
2014 10 14 1.266000
2014 10 15 1.277800
2014 10 16 1.281200
2014 10 17 1.275500
2014 10 20 1.278300
2014 10 21 1.272400
2014 10 22 1.265800
2014 10 23 1.265800
2014 10 24 1.267500
2014 10 27 1.271200
2014 10 28 1.274700
2014 10 29 1.276200
2014 10 30 1.262200
2014 10 31 1.253000
2014 11 03 1.248700
2014 11 04 1.255400
2014 11 05 1.248800
2014 11 06 1.241400
2014 11 07 1.242200
2014 11 10 1.242500
2014 11 11 1.244050
2014 11 12 1.245600
2014 11 13 1.247600
2014 11 14 1.249400
2014 11 17 1.244700
2014 11 18 1.253400
2014 11 19 1.254800
2014 11 20 1.252600
2014 11 21 1.239400
2014 11 24 1.242700
2014 11 25 1.247200
2014 11 26 1.250300
2014 11 27 1.247050
2014 11 28 1.243800
2014 12 01 1.249000
2014 12 02 1.239000
2014 12 03 1.230400
2014 12 04 1.243200
2014 12 05 1.230400
2014 12 08 1.229200
2014 12 09 1.241500
2014 12 10 1.242500
2014 12 11 1.239700
2014 12 12 1.248400
2014 12 15 1.247000
2014 12 16 1.250400
2014 12 17 1.240600
2014 12 18 1.229100
2014 12 19 1.223500
2014 12 22 1.225200
2014 12 23 1.218000
2014 12 24 1.218800
2014 12 25 1.218620
2014 12 26 1.218440
2014 12 29 1.217900
2014 12 30 1.217400
2014 12 31 1.210100
2015 01 01 1.205800
2015 01 02 1.201500
2015 01 05 1.191800
2015 01 06 1.193600
2015 01 07 1.182000
2015 01 08 1.181100
2015 01 09 1.183000
2015 01 12 1.183200
2015 01 13 1.177900
2015 01 14 1.180600
2015 01 15 1.159800
2015 01 16 1.151700
2015 01 19 1.154850
2015 01 20 1.155900
2015 01 21 1.158400
2015 01 22 1.141400
2015 01 23 1.127900
2015 01 26 1.129000
2015 01 27 1.137000
2015 01 28 1.134200
2015 01 29 1.130800
2015 01 30 1.129000
2015 02 02 1.133700
2015 02 03 1.146200
2015 02 04 1.141800
2015 02 05 1.143200
2015 02 06 1.133000
2015 02 09 1.131600
2015 02 10 1.131600
2015 02 11 1.130000
2015 02 12 1.141000
2015 02 13 1.140800
2015 02 16 1.139825
2015 02 17 1.139500
2015 02 18 1.134200
2015 02 19 1.139200
2015 02 20 1.137200
2015 02 23 1.134600
2015 02 24 1.130700
2015 02 25 1.136300
2015 02 26 1.121200
2015 02 27 1.119700
2015 03 02 1.119000
2015 03 03 1.121200
2015 03 04 1.107000
2015 03 05 1.100600
2015 03 06 1.085500
2015 03 09 1.084600
2015 03 10 1.070700
2015 03 11 1.057600
2015 03 12 1.061500
2015 03 13 1.052400
2015 03 16 1.057500
2015 03 17 1.060500
2015 03 18 1.064300
2015 03 19 1.062100
2015 03 20 1.079200
2015 03 23 1.092800
2015 03 24 1.090800
2015 03 25 1.098600
2015 03 26 1.091900
2015 03 27 1.089100
2015 03 30 1.081800
2015 03 31 1.074100
2015 04 01 1.076800
2015 04 02 1.087400
2015 04 03 1.099000
2015 04 06 1.100800
2015 04 07 1.085000
2015 04 08 1.081800
2015 04 09 1.067100
2015 04 10 1.059800
2015 04 13 1.058200
2015 04 14 1.067200
2015 04 15 1.059600
2015 04 16 1.074200
2015 04 17 1.078000
2015 04 20 1.076300
2015 04 21 1.075800
2015 04 22 1.072900
2015 04 23 1.080300
2015 04 24 1.087600
2015 04 27 1.089200
2015 04 28 1.097900
2015 04 29 1.117400
2015 04 30 1.116200
2015 05 01 1.119400
2015 05 04 1.114500
2015 05 05 1.117400
2015 05 06 1.134500
2015 05 07 1.128300
2015 05 08 1.124100
2015 05 11 1.114200
2015 05 12 1.124000
2015 05 13 1.137200
2015 05 14 1.136800
2015 05 15 1.142800
2015 05 18 1.135400
2015 05 19 1.115100
2015 05 20 1.107900
2015 05 21 1.112600
2015 05 22 1.103300
2015 05 25 1.091525
2015 05 26 1.087600
2015 05 27 1.088800
2015 05 28 1.091400
2015 05 29 1.099400
2015 06 01 1.091300
2015 06 02 1.113000
2015 06 03 1.128500
2015 06 04 1.127100
2015 06 05 1.110800
2015 06 08 1.123200
2015 06 09 1.128400
2015 06 10 1.130700
2015 06 11 1.123600
2015 06 12 1.127800
2015 06 15 1.126600
2015 06 16 1.123800
2015 06 17 1.124400
2015 06 18 1.140400
2015 06 19 1.133500
2015 06 22 1.137800
2015 06 23 1.119000
2015 06 24 1.117800
2015 06 25 1.119600
2015 06 26 1.115600
2015 06 29 1.118000
2015 06 30 1.115400
2015 07 01 1.108400
2015 07 02 1.109000
2015 07 03 1.108650
2015 07 06 1.107600
2015 07 07 1.095200
2015 07 08 1.107200
2015 07 09 1.102500
2015 07 10 1.115000
2015 07 13 1.102000
2015 07 14 1.101500
2015 07 15 1.096500
2015 07 16 1.089800
2015 07 17 1.084800
2015 07 20 1.085000
2015 07 21 1.092700
2015 07 22 1.088400
2015 07 23 1.097600
2015 07 24 1.097600
2015 07 27 1.111200
2015 07 28 1.105500
2015 07 29 1.102600
2015 07 30 1.091400
2015 07 31 1.102800
2015 08 03 1.096200
2015 08 04 1.095300
2015 08 05 1.086800
2015 08 06 1.092200
2015 08 07 1.095800
2015 08 10 1.099400
2015 08 11 1.104200
2015 08 12 1.119800
2015 08 13 1.114400
2015 08 14 1.111000
2015 08 17 1.107800
2015 08 18 1.102800
2015 08 19 1.106100
2015 08 20 1.120000
2015 08 21 1.135600
2015 08 24 1.158000
2015 08 25 1.141000
2015 08 26 1.139000
2015 08 27 1.123900
2015 08 28 1.117200
2015 08 31 1.119400
2015 09 01 1.126300
2015 09 02 1.124200
2015 09 03 1.110400
2015 09 04 1.111700
2015 09 07 1.116575
2015 09 08 1.118200
2015 09 09 1.116500
2015 09 10 1.126200
2015 09 11 1.133800
2015 09 14 1.130700
2015 09 15 1.126000
2015 09 16 1.130400
2015 09 17 1.131200
2015 09 18 1.135800
2015 09 21 1.120400
2015 09 22 1.113300
2015 09 23 1.116000
2015 09 24 1.125200
2015 09 25 1.119200
2015 09 28 1.123600
2015 09 29 1.124600
2015 09 30 1.116200
2015 10 01 1.120000
2015 10 02 1.127600
2015 10 05 1.120000
2015 10 06 1.126600
2015 10 07 1.124900
2015 10 08 1.128200
2015 10 09 1.136300
2015 10 12 1.137725
2015 10 13 1.138200
2015 10 14 1.143700
2015 10 15 1.141800
2015 10 16 1.136000
2015 10 19 1.132000
2015 10 20 1.135900
2015 10 21 1.134500
2015 10 22 1.114000
2015 10 23 1.101600
2015 10 26 1.105100
2015 10 27 1.105200
2015 10 28 1.106600
2015 10 29 1.096300
2015 10 30 1.104200
2015 11 02 1.102600
2015 11 03 1.094600
2015 11 04 1.086100
2015 11 05 1.086900
2015 11 06 1.074600
2015 11 09 1.076700
2015 11 10 1.068600
2015 11 11 1.072700
2015 11 12 1.076800
2015 11 13 1.072200
2015 11 16 1.070800
2015 11 17 1.063400
2015 11 18 1.063800
2015 11 19 1.074600
2015 11 20 1.066000
2015 11 23 1.060200
2015 11 24 1.065200
2015 11 25 1.061600
2015 11 26 1.060600
2015 11 27 1.059600
2015 11 30 1.056200
2015 12 01 1.062000
2015 12 02 1.057300
2015 12 03 1.090200
2015 12 04 1.088400
2015 12 07 1.084000
2015 12 08 1.087600
2015 12 09 1.098400
2015 12 10 1.094800
2015 12 11 1.100200
2015 12 14 1.102500
2015 12 15 1.091100
2015 12 16 1.093700
2015 12 17 1.080400
2015 12 18 1.084700
2015 12 21 1.092000
2015 12 22 1.097800
2015 12 23 1.087500
2015 12 24 1.095500
2015 12 25 1.096200
2015 12 28 1.098300
2015 12 29 1.091600
2015 12 30 1.091200
2015 12 31 1.085900
2016 01 01 1.084500
2016 01 04 1.080300
2016 01 05 1.074300
2016 01 06 1.076200
2016 01 07 1.086000
2016 01 08 1.088500
2016 01 11 1.087800
2016 01 12 1.083700
2016 01 13 1.086200
2016 01 14 1.086200
2016 01 15 1.096400
2016 01 18 1.092050
2016 01 19 1.090600
2016 01 20 1.090800
2016 01 21 1.083300
2016 01 22 1.081400
2016 01 25 1.083200
2016 01 26 1.084600
2016 01 27 1.086700
2016 01 28 1.095200
2016 01 29 1.083200
2016 02 01 1.088800
2016 02 02 1.090800
2016 02 03 1.105100
2016 02 04 1.119900
2016 02 05 1.113100
2016 02 08 1.117000
2016 02 09 1.130000
2016 02 10 1.122200
2016 02 11 1.136200
2016 02 12 1.123500
2016 02 15 1.116375
2016 02 16 1.114000
2016 02 17 1.114000
2016 02 18 1.109200
2016 02 19 1.112700
2016 02 22 1.101800
2016 02 23 1.101600
2016 02 24 1.102100
2016 02 25 1.102600
2016 02 26 1.093200
2016 02 29 1.086800
2016 03 01 1.084700
2016 03 02 1.084500
2016 03 03 1.094800
2016 03 04 1.101000
2016 03 07 1.100400
2016 03 08 1.102800
2016 03 09 1.102200
2016 03 10 1.116200
2016 03 11 1.118000
2016 03 14 1.110700
2016 03 15 1.111200
2016 03 16 1.107500
2016 03 17 1.131600
2016 03 18 1.129200
2016 03 21 1.126000
2016 03 22 1.122800
2016 03 23 1.117400
2016 03 24 1.116300
2016 03 25 1.116400
2016 03 28 1.121000
2016 03 29 1.120400
2016 03 30 1.133000
2016 03 31 1.139000
2016 04 01 1.138500
2016 04 04 1.138600
2016 04 05 1.137400
2016 04 06 1.143000
2016 04 07 1.138600
2016 04 08 1.140600
2016 04 11 1.141200
2016 04 12 1.139500
2016 04 13 1.128100
2016 04 14 1.126200
2016 04 15 1.129500
2016 04 18 1.132200
2016 04 19 1.137500
2016 04 20 1.133000
2016 04 21 1.130100
2016 04 22 1.123900
2016 04 25 1.127400
2016 04 26 1.131800
2016 04 27 1.132200
2016 04 28 1.132500
2016 04 29 1.144100
2016 05 02 1.151600
2016 05 03 1.150800
2016 05 04 1.148600
2016 05 05 1.140400
2016 05 06 1.142100
2016 05 09 1.140200
2016 05 10 1.138600
2016 05 11 1.144400
2016 05 12 1.138000
2016 05 13 1.129400
2016 05 16 1.132800
2016 05 17 1.133700
2016 05 18 1.127600
2016 05 19 1.121400
2016 05 20 1.120700
2016 05 23 1.119200
2016 05 24 1.114500
2016 05 25 1.115400
2016 05 26 1.118400
2016 05 27 1.114000
2016 05 30 1.113625
2016 05 31 1.113500
2016 06 01 1.116500
2016 06 02 1.115700
2016 06 03 1.133000
2016 06 06 1.135400
2016 06 07 1.135000
2016 06 08 1.140000
2016 06 09 1.132900
2016 06 10 1.128100
2016 06 13 1.128200
2016 06 14 1.120600
2016 06 15 1.123900
2016 06 16 1.115800
2016 06 17 1.125600
2016 06 20 1.131800
2016 06 21 1.126200
2016 06 22 1.128600
2016 06 23 1.137300
2016 06 24 1.112600
2016 06 27 1.102400
2016 06 28 1.105400
2016 06 29 1.111700
2016 06 30 1.103200
2016 07 01 1.114500
2016 07 04 1.109625
2016 07 05 1.108000
2016 07 06 1.107700
2016 07 07 1.106500
2016 07 08 1.103800
2016 07 11 1.104500
2016 07 12 1.107400
2016 07 13 1.111200
2016 07 14 1.110900
2016 07 15 1.105900
2016 07 18 1.107600
2016 07 19 1.101400
2016 07 20 1.100700
2016 07 21 1.101600
2016 07 22 1.096800
2016 07 25 1.098000
2016 07 26 1.098400
2016 07 27 1.098800
2016 07 28 1.109400
2016 07 29 1.116800
2016 08 01 1.117600
2016 08 02 1.122500
2016 08 03 1.117000
2016 08 04 1.113400
2016 08 05 1.108000
2016 08 08 1.107800
2016 08 09 1.111000
2016 08 10 1.117100
2016 08 11 1.116800
2016 08 12 1.117200
2016 08 15 1.119900
2016 08 16 1.127700
2016 08 17 1.126300
2016 08 18 1.133400
2016 08 19 1.132600
2016 08 22 1.131400
2016 08 23 1.130800
2016 08 24 1.125600
2016 08 25 1.127400
2016 08 26 1.123700
2016 08 29 1.118200
2016 08 30 1.115000
2016 08 31 1.114600
2016 09 01 1.119400
2016 09 02 1.115800
2016 09 05 1.121725
2016 09 06 1.123700
2016 09 07 1.123800
2016 09 08 1.125600
2016 09 09 1.121400
2016 09 12 1.123000
2016 09 13 1.124200
2016 09 14 1.127100
2016 09 15 1.124600
2016 09 16 1.116000
2016 09 19 1.117900
2016 09 20 1.117200
2016 09 21 1.116500
2016 09 22 1.122900
2016 09 23 1.122300
2016 09 26 1.127000
2016 09 27 1.120800
2016 09 28 1.120000
2016 09 29 1.124400
2016 09 30 1.123800
2016 10 03 1.121000
2016 10 04 1.121200
2016 10 05 1.119600
2016 10 06 1.115800
2016 10 07 1.115600
2016 10 10 1.108550
2016 10 11 1.106200
2016 10 12 1.101400
2016 10 13 1.103800
2016 10 14 1.098500
2016 10 17 1.100000
2016 10 18 1.099700
2016 10 19 1.096600
2016 10 20 1.093400
2016 10 21 1.086600
2016 10 24 1.088800
2016 10 25 1.089000
2016 10 26 1.091600
2016 10 27 1.090400
2016 10 28 1.093400
2016 10 31 1.096200
2016 11 01 1.104200
2016 11 02 1.111900
2016 11 03 1.109400
2016 11 04 1.112100
2016 11 07 1.103800
2016 11 08 1.103400
2016 11 09 1.095200
2016 11 10 1.088200
2016 11 11 1.084225
2016 11 14 1.072300
2016 11 15 1.072600
2016 11 16 1.069900
2016 11 17 1.065600
2016 11 18 1.060000
2016 11 21 1.059700
2016 11 22 1.061800
2016 11 23 1.056000
2016 11 24 1.057750
2016 11 25 1.059500
2016 11 28 1.057600
2016 11 29 1.062600
2016 11 30 1.057800
2016 12 01 1.063400
2016 12 02 1.066600
2016 12 05 1.072300
2016 12 06 1.071700
2016 12 07 1.075800
2016 12 08 1.062500
2016 12 09 1.054100
2016 12 12 1.060600
2016 12 13 1.063500
2016 12 14 1.065600
2016 12 15 1.037500
2016 12 16 1.045600
2016 12 19 1.044400
2016 12 20 1.039000
2016 12 21 1.042500
2016 12 22 1.045200
2016 12 23 1.044900
2016 12 26 1.045575
2016 12 27 1.045800
2016 12 28 1.038900
2016 12 29 1.048600
2016 12 30 1.055200
2017 01 02 1.045000
2017 01 03 1.041600
2017 01 04 1.047600
2017 01 05 1.059800
2017 01 06 1.056000
2017 01 09 1.057600
2017 01 10 1.057200
2017 01 11 1.050100
2017 01 12 1.066600
2017 01 13 1.062500
2017 01 16 1.067750
2017 01 17 1.069500
2017 01 18 1.068200
2017 01 19 1.063000
2017 01 20 1.065750
2017 01 23 1.074000
2017 01 24 1.074900
2017 01 25 1.074300
2017 01 26 1.067000
2017 01 27 1.069000
2017 01 30 1.068100
2017 01 31 1.079400
2017 02 01 1.075800
2017 02 02 1.080200
2017 02 03 1.079200
2017 02 06 1.073100
2017 02 07 1.069000
2017 02 08 1.070800
2017 02 09 1.065800
2017 02 10 1.065000
2017 02 13 1.060300
2017 02 14 1.057700
2017 02 15 1.059700
2017 02 16 1.066000
2017 02 17 1.061400
2017 02 20 1.056675
2017 02 21 1.055100
2017 02 22 1.055500
2017 02 23 1.058600
2017 02 24 1.058000
2017 02 27 1.062400
2017 02 28 1.061800
2017 03 01 1.056400
2017 03 02 1.051400
2017 03 03 1.055200
2017 03 06 1.058600
2017 03 07 1.058200
2017 03 08 1.054700
2017 03 09 1.058600
2017 03 10 1.066700
2017 03 13 1.067000
2017 03 14 1.064500
2017 03 15 1.063000
2017 03 16 1.073800
2017 03 17 1.074200
2017 03 20 1.075400
2017 03 21 1.081000
2017 03 22 1.080000
2017 03 23 1.078700
2017 03 24 1.080600
2017 03 27 1.088200
2017 03 28 1.085200
2017 03 29 1.075600
2017 03 30 1.072600
2017 03 31 1.069800
2017 04 03 1.065500
2017 04 04 1.066400
2017 04 05 1.066100
2017 04 06 1.065100
2017 04 07 1.061600
2017 04 10 1.060600
2017 04 11 1.061400
2017 04 12 1.061100
2017 04 13 1.063000
2017 04 14 1.062500
2017 04 17 1.066000
2017 04 18 1.070600
2017 04 19 1.070700
2017 04 20 1.075800
2017 04 21 1.069400
2017 04 24 1.084600
2017 04 25 1.094100
2017 04 26 1.087200
2017 04 27 1.086400
2017 04 28 1.089500
2017 05 01 1.091200
2017 05 02 1.091000
2017 05 03 1.092000
2017 05 04 1.096700
2017 05 05 1.099600
2017 05 08 1.092800
2017 05 09 1.087500
2017 05 10 1.087300
2017 05 11 1.086900
2017 05 12 1.092600
2017 05 15 1.097900
2017 05 16 1.107200
2017 05 17 1.113400
2017 05 18 1.113000
2017 05 19 1.119000
2017 05 22 1.123600
2017 05 23 1.119800
2017 05 24 1.117500
2017 05 25 1.121800
2017 05 26 1.117000
2017 05 29 1.117975
2017 05 30 1.118300
2017 05 31 1.123600
2017 06 01 1.121400
2017 06 02 1.127000
2017 06 05 1.125000
2017 06 06 1.126600
2017 06 07 1.123600
2017 06 08 1.121700
2017 06 09 1.119000
2017 06 12 1.120400
2017 06 13 1.119400
2017 06 14 1.127700
2017 06 15 1.115200
2017 06 16 1.119400
2017 06 19 1.116000
2017 06 20 1.112400
2017 06 21 1.114300
2017 06 22 1.114800
2017 06 23 1.119600
2017 06 26 1.119600
2017 06 27 1.130000
2017 06 28 1.136400
2017 06 29 1.142000
2017 06 30 1.141100
2017 07 03 1.136700
2017 07 04 1.135150
2017 07 05 1.133600
2017 07 06 1.140900
2017 07 07 1.139600
2017 07 10 1.139600
2017 07 11 1.143000
2017 07 12 1.141100
2017 07 13 1.138500
2017 07 14 1.145200
2017 07 17 1.147000
2017 07 18 1.157800
2017 07 19 1.151800
2017 07 20 1.163400
2017 07 21 1.165500
2017 07 24 1.164200
2017 07 25 1.165600
2017 07 26 1.163200
2017 07 27 1.165600
2017 07 28 1.175400
2017 07 31 1.182600
2017 08 01 1.179900
2017 08 02 1.186100
2017 08 03 1.188000
2017 08 04 1.175400
2017 08 07 1.178800
2017 08 08 1.172400
2017 08 09 1.174800
2017 08 10 1.175100
2017 08 11 1.181100
2017 08 14 1.178600
2017 08 15 1.173600
2017 08 16 1.170300
2017 08 17 1.173600
2017 08 18 1.174800
2017 08 21 1.181400
2017 08 22 1.176200
2017 08 23 1.180200
2017 08 24 1.180100
2017 08 25 1.187400
2017 08 28 1.197300
2017 08 29 1.202500
2017 08 30 1.192700
2017 08 31 1.189400
2017 09 01 1.187800
2017 09 04 1.190275
2017 09 05 1.191100
2017 09 06 1.194300
2017 09 07 1.202800
2017 09 08 1.204100
2017 09 11 1.196400
2017 09 12 1.196800
2017 09 13 1.189800
2017 09 14 1.188600
2017 09 15 1.195900
2017 09 18 1.193800
2017 09 19 1.198000
2017 09 20 1.199800
2017 09 21 1.194600
2017 09 22 1.196900
2017 09 25 1.185200
2017 09 26 1.177200
2017 09 27 1.174700
2017 09 28 1.177600
2017 09 29 1.181300
2017 10 02 1.174500
2017 10 03 1.175900
2017 10 04 1.176000
2017 10 05 1.170600
2017 10 06 1.173200
2017 10 09 1.178600
2017 10 10 1.180400
2017 10 11 1.184700
2017 10 12 1.184000
2017 10 13 1.183700
2017 10 16 1.181000
2017 10 17 1.175400
2017 10 18 1.177500
2017 10 19 1.184200
2017 10 20 1.177000
2017 10 23 1.176200
2017 10 24 1.176600
2017 10 25 1.180200
2017 10 26 1.170000
2017 10 27 1.158000
2017 10 30 1.162600
2017 10 31 1.164800
2017 11 01 1.161800
2017 11 02 1.167200
2017 11 03 1.161600
2017 11 06 1.160000
2017 11 07 1.157700
2017 11 08 1.159100
2017 11 09 1.164800
2017 11 10 1.165000
2017 11 13 1.165600
2017 11 14 1.176400
2017 11 15 1.179400
2017 11 16 1.177200
2017 11 17 1.179900
2017 11 20 1.174100
2017 11 21 1.174100
2017 11 22 1.178900
2017 11 23 1.186250
2017 11 24 1.193600
2017 11 27 1.191100
2017 11 28 1.187800
2017 11 29 1.185800
2017 11 30 1.189800
2017 12 01 1.191000
2017 12 04 1.184800
2017 12 05 1.182000
2017 12 06 1.178800
2017 12 07 1.179000
2017 12 08 1.176100
2017 12 11 1.180200
2017 12 12 1.172500
2017 12 13 1.176200
2017 12 14 1.177800
2017 12 15 1.177800
2017 12 18 1.180400
2017 12 19 1.182200
2017 12 20 1.188100
2017 12 21 1.187200
2017 12 22 1.183900
2017 12 25 1.186000
2017 12 26 1.186700
2017 12 27 1.190200
2017 12 28 1.195200
2017 12 29 1.202200
2018 01 01 1.204300
2018 01 02 1.205000
2018 01 03 1.203000
2018 01 04 1.206400
2018 01 05 1.203900
2018 01 08 1.197300
2018 01 09 1.192200
2018 01 10 1.195800
2018 01 11 1.203500
2018 01 12 1.213000
2018 01 15 1.221550
2018 01 16 1.224400
2018 01 17 1.222900
2018 01 18 1.223800
2018 01 19 1.223800
2018 01 22 1.223000
2018 01 23 1.227700
2018 01 24 1.239000
2018 01 25 1.248800
2018 01 26 1.242200
2018 01 29 1.235200
2018 01 30 1.239000
2018 01 31 1.242800
2018 02 01 1.248200
2018 02 02 1.244600
2018 02 05 1.241800
2018 02 06 1.238100
2018 02 07 1.228100
2018 02 08 1.223800
2018 02 09 1.222600
2018 02 12 1.226700
2018 02 13 1.236300
2018 02 14 1.239600
2018 02 15 1.248200
2018 02 16 1.244200
2018 02 19 1.237150
2018 02 20 1.234800
2018 02 21 1.231400
2018 02 22 1.232600
2018 02 23 1.229800
2018 02 26 1.229600
2018 02 27 1.223900
2018 02 28 1.221100
2018 03 01 1.221600
2018 03 02 1.231400
2018 03 05 1.233000
2018 03 06 1.241500
2018 03 07 1.239700
2018 03 08 1.231400
2018 03 09 1.232600
2018 03 12 1.231800
2018 03 13 1.239800
2018 03 14 1.236200
2018 03 15 1.232100
2018 03 16 1.228000
2018 03 19 1.232900
2018 03 20 1.227100
2018 03 21 1.226800
2018 03 22 1.231000
2018 03 23 1.236000
2018 03 26 1.244000
2018 03 27 1.241000
2018 03 28 1.235100
2018 03 29 1.229700
2018 03 30 1.232000
2018 04 02 1.228800
2018 04 03 1.226100
2018 04 04 1.229200
2018 04 05 1.223000
2018 04 06 1.227400
2018 04 09 1.232000
2018 04 10 1.233800
2018 04 11 1.238400
2018 04 12 1.232000
2018 04 13 1.232200
2018 04 16 1.237300
2018 04 17 1.234500
2018 04 18 1.238000
2018 04 19 1.233600
2018 04 20 1.228200
2018 04 23 1.221600
2018 04 24 1.222600
2018 04 25 1.217800
2018 04 26 1.211300
2018 04 27 1.210800
2018 04 30 1.207400
2018 05 01 1.200000
2018 05 02 1.196800
2018 05 03 1.197000
2018 05 04 1.194600
2018 05 07 1.192700
2018 05 08 1.186300
2018 05 09 1.185200
2018 05 10 1.189600
2018 05 11 1.195100
2018 05 14 1.197600
2018 05 15 1.186400
2018 05 16 1.178800
2018 05 17 1.179800
2018 05 18 1.177500
2018 05 21 1.176800
2018 05 22 1.178300
2018 05 23 1.169300
2018 05 24 1.172900
2018 05 25 1.166600
2018 05 28 1.157975
2018 05 29 1.155100
2018 05 30 1.166400
2018 05 31 1.167000
2018 06 01 1.167900
2018 06 04 1.169600
2018 06 05 1.167200
2018 06 06 1.177800
2018 06 07 1.181500
2018 06 08 1.177300
2018 06 11 1.180200
2018 06 12 1.179200
2018 06 13 1.178400
2018 06 14 1.163400
2018 06 15 1.161600
2018 06 18 1.160600
2018 06 19 1.157700
2018 06 20 1.159200
2018 06 21 1.160000
2018 06 22 1.163000
2018 06 25 1.169400
2018 06 26 1.167500
2018 06 27 1.158800
2018 06 28 1.158200
2018 06 29 1.167700
2018 07 02 1.160400
2018 07 03 1.165300
2018 07 04 1.167500
2018 07 05 1.169700
2018 07 06 1.173800
2018 07 09 1.174400
2018 07 10 1.172800
2018 07 11 1.172200
2018 07 12 1.169200
2018 07 13 1.166700
2018 07 16 1.171000
2018 07 17 1.166400
2018 07 18 1.164500
2018 07 19 1.160400
2018 07 20 1.170800
2018 07 23 1.170200
2018 07 24 1.168400
2018 07 25 1.167700
2018 07 26 1.165400
2018 07 27 1.166000
2018 07 30 1.171800
2018 07 31 1.170600
2018 08 01 1.166600
2018 08 02 1.161200
2018 08 03 1.159700
2018 08 06 1.156400
2018 08 07 1.159700
2018 08 08 1.159800
2018 08 09 1.156600
2018 08 10 1.139900
2018 08 13 1.139600
2018 08 14 1.135100
2018 08 15 1.133200
2018 08 16 1.138800
2018 08 17 1.141000
2018 08 20 1.143800
2018 08 21 1.153400
2018 08 22 1.159500
2018 08 23 1.156700
2018 08 24 1.162500
2018 08 27 1.167600
2018 08 28 1.172000
2018 08 29 1.169900
2018 08 30 1.164600
2018 08 31 1.159600
2018 09 03 1.157350
2018 09 04 1.156600
2018 09 05 1.162000
2018 09 06 1.162400
2018 09 07 1.157200
2018 09 10 1.160400
2018 09 11 1.159100
2018 09 12 1.162600
2018 09 13 1.167200
2018 09 14 1.165600
2018 09 17 1.168700
2018 09 18 1.169300
2018 09 19 1.168500
2018 09 20 1.174400
2018 09 21 1.173900
2018 09 24 1.177300
2018 09 25 1.177000
2018 09 26 1.175800
2018 09 27 1.167000
2018 09 28 1.162200
2018 10 01 1.156700
2018 10 02 1.156000
2018 10 03 1.152500
2018 10 04 1.150800
2018 10 05 1.150200
2018 10 08 1.148700
2018 10 09 1.148200
2018 10 10 1.154100
2018 10 11 1.156500
2018 10 12 1.155900
2018 10 15 1.159400
2018 10 16 1.159300
2018 10 17 1.154000
2018 10 18 1.149400
2018 10 19 1.151300
2018 10 22 1.146700
2018 10 23 1.148000
2018 10 24 1.138900
2018 10 25 1.137400
2018 10 26 1.138800
2018 10 29 1.139000
2018 10 30 1.136400
2018 10 31 1.133200
2018 11 01 1.139600
2018 11 02 1.137800
2018 11 05 1.139400
2018 11 06 1.141200
2018 11 07 1.145900
2018 11 08 1.141600
2018 11 09 1.132500
2018 11 12 1.129725
2018 11 13 1.128800
2018 11 14 1.131200
2018 11 15 1.132400
2018 11 16 1.140200
2018 11 19 1.144800
2018 11 20 1.139100
2018 11 21 1.139300
2018 11 22 1.136250
2018 11 23 1.133200
2018 11 26 1.133600
2018 11 27 1.128100
2018 11 28 1.128600
2018 11 29 1.138200
2018 11 30 1.132300
2018 12 03 1.135600
2018 12 04 1.134500
2018 12 05 1.135950
2018 12 06 1.137400
2018 12 07 1.139000
2018 12 10 1.136800
2018 12 11 1.131400
2018 12 12 1.136200
2018 12 13 1.135800
2018 12 14 1.130000
2018 12 17 1.133900
2018 12 18 1.136400
2018 12 19 1.142200
2018 12 20 1.143200
2018 12 21 1.140200
2018 12 24 1.140560
2018 12 25 1.140680
2018 12 26 1.140800
2018 12 27 1.141200
2018 12 28 1.144500
2018 12 31 1.145600
2019 01 01 1.140650
2019 01 02 1.135700
2019 01 03 1.139900
2019 01 04 1.141000
2019 01 07 1.146800
2019 01 08 1.144400
2019 01 09 1.152400
2019 01 10 1.151700
2019 01 11 1.147900
2019 01 14 1.141375
2019 01 15 1.139200
2019 01 16 1.140800
2019 01 17 1.138600
2019 01 18 1.136200
2019 01 21 1.135975
2019 01 22 1.135900
2019 01 23 1.139000
2019 01 24 1.132200
2019 01 25 1.140700
2019 01 28 1.143800
2019 01 29 1.142400
2019 01 30 1.141800
2019 01 31 1.145400
2019 02 01 1.147400
2019 02 04 1.143800
2019 02 05 1.140600
2019 02 06 1.138000
2019 02 07 1.135700
2019 02 08 1.132600
2019 02 11 1.127700
2019 02 12 1.131600
2019 02 13 1.128800
2019 02 14 1.128400
2019 02 15 1.126800
2019 02 18 1.131300
2019 02 19 1.132800
2019 02 20 1.133300
2019 02 21 1.133800
2019 02 22 1.134200
2019 02 25 1.134500
2019 02 26 1.137400
2019 02 27 1.137000
2019 02 28 1.137900
2019 03 01 1.137600
2019 03 04 1.132800
2019 03 05 1.130000
2019 03 06 1.132000
2019 03 07 1.121400
2019 03 08 1.124300
2019 03 11 1.122600
2019 03 12 1.127600
2019 03 13 1.131000
2019 03 14 1.130400
2019 03 15 1.132600
2019 03 18 1.133700
2019 03 19 1.134600
2019 03 20 1.135200
2019 03 21 1.136100
2019 03 22 1.128200
2019 03 25 1.132400
2019 03 26 1.128000
2019 03 27 1.125000
2019 03 28 1.123600
2019 03 29 1.122800
2019 04 01 1.121000
2019 04 02 1.118600
2019 04 03 1.124200
2019 04 04 1.121600
2019 04 05 1.121700
2019 04 08 1.126200
2019 04 09 1.127800
2019 04 10 1.126600
2019 04 11 1.126200
2019 04 12 1.130400
2019 04 15 1.130400
2019 04 16 1.129300
2019 04 17 1.129700
2019 04 18 1.124100
2019 04 19 1.124600
2019 04 22 1.125800
2019 04 23 1.121300
2019 04 24 1.119200
2019 04 25 1.114000
2019 04 26 1.115400
2019 04 29 1.116600
2019 04 30 1.120100
2019 05 01 1.124600
2019 05 02 1.118400
2019 05 03 1.118600
2019 05 06 1.119700
2019 05 07 1.117800
2019 05 08 1.120600
2019 05 09 1.122800
2019 05 10 1.124100
2019 05 13 1.123200
2019 05 14 1.120700
2019 05 15 1.120800
2019 05 16 1.117800
2019 05 17 1.116600
2019 05 20 1.117000
2019 05 21 1.115800
2019 05 22 1.115600
2019 05 23 1.117200
2019 05 24 1.119700
2019 05 27 1.118200
2019 05 28 1.117700
2019 05 29 1.113600
2019 05 30 1.114000
2019 05 31 1.114900
2019 06 03 1.120600
2019 06 04 1.123600
2019 06 05 1.124200
2019 06 06 1.129400
2019 06 07 1.132400
2019 06 10 1.131100
2019 06 11 1.131600
2019 06 12 1.131000
2019 06 13 1.127500
2019 06 14 1.121700
2019 06 17 1.123500
2019 06 18 1.119600
2019 06 19 1.121400
2019 06 20 1.128400
2019 06 21 1.132800
2019 06 24 1.139300
2019 06 25 1.138600
2019 06 26 1.139000
2019 06 27 1.137200
2019 06 28 1.137400
2019 07 01 1.130700
2019 07 02 1.130100
2019 07 03 1.127500
2019 07 04 1.124550
2019 07 05 1.121600
2019 07 08 1.120800
2019 07 09 1.121000
2019 07 10 1.126000
2019 07 11 1.126100
2019 07 12 1.125400
2019 07 15 1.126000
2019 07 16 1.121200
2019 07 17 1.123200
2019 07 18 1.122800
2019 07 19 1.122000
2019 07 22 1.121400
2019 07 23 1.115600
2019 07 24 1.114100
2019 07 25 1.115600
2019 07 26 1.112100
2019 07 29 1.114200
2019 07 30 1.114800
2019 07 31 1.113000
2019 08 01 1.106200
2019 08 02 1.111200
2019 08 05 1.119700
2019 08 06 1.119600
2019 08 07 1.123600
2019 08 08 1.121000
2019 08 09 1.122200
2019 08 12 1.121200
2019 08 13 1.118200
2019 08 14 1.114400
2019 08 15 1.110600
2019 08 16 1.109100
2019 08 19 1.109600
2019 08 20 1.109200
2019 08 21 1.109800
2019 08 22 1.108900
2019 08 23 1.114800
2019 08 26 1.111200
2019 08 27 1.109400
2019 08 28 1.108400
2019 08 29 1.105900
2019 08 30 1.098900
2019 09 02 1.097325
2019 09 03 1.096800
2019 09 04 1.102500
2019 09 05 1.103800
2019 09 06 1.104200
2019 09 09 1.105600
2019 09 10 1.104200
2019 09 11 1.100100
2019 09 12 1.107400
2019 09 13 1.107400
2019 09 16 1.100600
2019 09 17 1.106300
2019 09 18 1.106100
2019 09 19 1.104600
2019 09 20 1.100400
2019 09 23 1.099100
2019 09 24 1.099900
2019 09 25 1.094900
2019 09 26 1.093800
2019 09 27 1.094200
2019 09 30 1.090500
2019 10 01 1.093200
2019 10 02 1.095100
2019 10 03 1.099100
2019 10 04 1.097400
2019 10 07 1.098400
2019 10 08 1.094900
2019 10 09 1.097800
2019 10 10 1.101800
2019 10 11 1.103900
2019 10 14 1.103675
2019 10 15 1.103600
2019 10 16 1.107500
2019 10 17 1.112900
2019 10 18 1.115500
2019 10 21 1.114500
2019 10 22 1.113800
2019 10 23 1.111800
2019 10 24 1.109800
2019 10 25 1.108100
2019 10 28 1.109400
2019 10 29 1.111700
2019 10 30 1.112300
2019 10 31 1.115500
2019 11 01 1.116900
2019 11 04 1.114400
2019 11 05 1.107000
2019 11 06 1.107600
2019 11 07 1.104500
2019 11 08 1.101900
2019 11 11 1.101750
2019 11 12 1.101700
2019 11 13 1.100400
2019 11 14 1.101600
2019 11 15 1.104600
2019 11 18 1.107900
2019 11 19 1.107500
2019 11 20 1.106300
2019 11 21 1.106700
2019 11 22 1.102900
2019 11 25 1.100900
2019 11 26 1.101200
2019 11 27 1.100200
2019 11 28 1.101050
2019 11 29 1.101900
2019 12 02 1.107500
2019 12 03 1.108900
2019 12 04 1.107600
2019 12 05 1.110400
2019 12 06 1.105200
2019 12 09 1.106700
2019 12 10 1.109000
2019 12 11 1.109200
2019 12 12 1.111500
2019 12 13 1.112800
2019 12 16 1.113900
2019 12 17 1.114800
2019 12 18 1.111300
2019 12 19 1.112800
2019 12 20 1.107600
2019 12 23 1.109100
2019 12 24 1.108400
2019 12 25 1.109300
2019 12 26 1.110200
2019 12 27 1.117400
2019 12 30 1.121700
2019 12 31 1.122700
2020 01 01 1.119650
2020 01 02 1.116600
2020 01 03 1.117300
2020 01 06 1.118700
2020 01 07 1.113800
2020 01 08 1.111700
2020 01 09 1.110600
2020 01 10 1.111900
2020 01 13 1.113800
2020 01 14 1.113000
2020 01 15 1.116000
2020 01 16 1.113100
2020 01 17 1.109300
2020 01 20 1.109525
2020 01 21 1.109600
2020 01 22 1.108500
2020 01 23 1.104100
2020 01 24 1.102600
2020 01 27 1.101900
2020 01 28 1.100800
2020 01 29 1.100400
2020 01 30 1.103200
2020 01 31 1.108200
2020 02 03 1.106200
2020 02 04 1.104300
2020 02 05 1.100600
2020 02 06 1.097900
2020 02 07 1.095000
2020 02 10 1.091600
2020 02 11 1.091700
2020 02 12 1.089300
2020 02 13 1.084800
2020 02 14 1.083900
2020 02 17 1.082100
2020 02 18 1.081500
2020 02 19 1.079400
2020 02 20 1.079700
2020 02 21 1.085500
2020 02 24 1.085700
2020 02 25 1.086800
2020 02 26 1.088700
2020 02 27 1.097700
2020 02 28 1.100100
2020 03 02 1.116400
2020 03 03 1.117500
2020 03 04 1.113000
2020 03 05 1.120200
2020 03 06 1.131900
2020 03 09 1.142000
2020 03 10 1.134200
2020 03 11 1.128000
2020 03 12 1.108100
2020 03 13 1.106600
2020 03 16 1.113900
2020 03 17 1.097100
2020 03 18 1.083300
2020 03 19 1.069900
2020 03 20 1.068200
2020 03 23 1.076000
2020 03 24 1.079400
2020 03 25 1.083500
2020 03 26 1.102500
2020 03 27 1.105900
2020 03 30 1.101800
2020 03 31 1.101600
2020 04 01 1.093400
2020 04 02 1.086200
2020 04 03 1.079700
2020 04 06 1.080800
2020 04 07 1.088600
2020 04 08 1.086400
2020 04 09 1.093100
2020 04 10 1.095100
2020 04 13 1.090600
2020 04 14 1.097100
2020 04 15 1.090900
2020 04 16 1.084000
2020 04 17 1.088300
2020 04 20 1.087400
2020 04 21 1.085400
2020 04 22 1.082900
2020 04 23 1.081500
2020 04 24 1.079800
2020 04 27 1.082900
2020 04 28 1.083600
2020 04 29 1.085300
2020 04 30 1.093400
2020 05 01 1.099800
2020 05 04 1.091100
2020 05 05 1.084400
2020 05 06 1.080600
2020 05 07 1.081500
2020 05 08 1.085400
2020 05 11 1.081800
2020 05 12 1.086400
2020 05 13 1.083700
2020 05 14 1.080000
2020 05 15 1.081600
2020 05 18 1.090400
2020 05 19 1.093700
2020 05 20 1.098000
2020 05 21 1.095300
2020 05 22 1.089400
2020 05 25 1.095100
2020 05 26 1.097000
2020 05 27 1.096900
2020 05 28 1.106900
2020 05 29 1.110700
2020 06 01 1.112300
2020 06 02 1.116600
2020 06 03 1.124600
2020 06 04 1.132200
2020 06 05 1.129700
2020 06 08 1.129300
2020 06 09 1.134800
2020 06 10 1.135500
2020 06 11 1.137800
2020 06 12 1.125300
2020 06 15 1.127000
2020 06 16 1.125900
2020 06 17 1.121900
2020 06 18 1.121600
2020 06 19 1.118900
2020 06 22 1.126000
2020 06 23 1.132200
2020 06 24 1.127200
2020 06 25 1.122100
2020 06 26 1.121500
2020 06 29 1.123700
2020 06 30 1.123700
2020 07 01 1.125900
2020 07 02 1.123700
2020 07 03 1.125450
2020 07 06 1.130700
2020 07 07 1.129900
2020 07 08 1.132900
2020 07 09 1.129800
2020 07 10 1.131800
2020 07 13 1.136400
2020 07 14 1.140600
2020 07 15 1.140600
2020 07 16 1.143300
2020 07 17 1.143800
2020 07 20 1.144200
2020 07 21 1.149500
2020 07 22 1.158700
2020 07 23 1.162300
2020 07 24 1.163500
2020 07 27 1.175000
2020 07 28 1.173300
2020 07 29 1.177000
2020 07 30 1.179100
2020 07 31 1.182200
2020 08 03 1.175000
2020 08 04 1.176600
2020 08 05 1.189800
2020 08 06 1.185600
2020 08 07 1.177600
2020 08 10 1.175600
2020 08 11 1.176400
2020 08 12 1.179600
2020 08 13 1.181800
2020 08 14 1.183300
2020 08 17 1.186900
2020 08 18 1.192800
2020 08 19 1.189800
2020 08 20 1.186200
2020 08 21 1.177500
2020 08 24 1.180300
2020 08 25 1.181800
2020 08 26 1.181300
2020 08 27 1.182400
2020 08 28 1.190100
2020 08 31 1.195000
2020 09 01 1.194900
2020 09 02 1.184000
2020 09 03 1.183200
2020 09 04 1.182000
2020 09 07 1.179675
2020 09 08 1.178900
2020 09 09 1.181000
2020 09 10 1.188000
2020 09 11 1.183100
2020 09 14 1.187400
2020 09 15 1.184600
2020 09 16 1.183500
2020 09 17 1.182300
2020 09 18 1.185700
2020 09 21 1.173700
2020 09 22 1.170300
2020 09 23 1.167700
2020 09 24 1.166600
2020 09 25 1.161800
2020 09 28 1.166000
2020 09 29 1.171700
2020 09 30 1.172300
2020 10 01 1.175200
2020 10 02 1.170600
2020 10 05 1.178400
2020 10 06 1.177800
2020 10 07 1.176600
2020 10 08 1.175300
2020 10 09 1.181900
2020 10 12 1.175750
2020 10 13 1.173700
2020 10 14 1.175500
2020 10 15 1.170100
2020 10 16 1.171700
2020 10 19 1.178800
2020 10 20 1.182400
2020 10 21 1.187000
2020 10 22 1.182400
2020 10 23 1.184400
2020 10 26 1.181600
2020 10 27 1.183400
2020 10 28 1.175100
2020 10 29 1.165800
2020 10 30 1.164700
2020 11 02 1.163400
2020 11 03 1.172400
2020 11 04 1.173000
2020 11 05 1.180900
2020 11 06 1.188600
2020 11 09 1.181100
2020 11 10 1.181000
2020 11 11 1.181200
2020 11 12 1.181400
2020 11 13 1.182400
2020 11 16 1.184400
2020 11 17 1.186200
2020 11 18 1.186900
2020 11 19 1.184300
2020 11 20 1.185700
2020 11 23 1.182600
2020 11 24 1.187400
2020 11 25 1.190800
2020 11 26 1.191600
2020 11 27 1.192400
2020 11 30 1.194800
2020 12 01 1.203900
2020 12 02 1.209300
2020 12 03 1.215200
2020 12 04 1.214200
2020 12 07 1.213800
2020 12 08 1.211100
2020 12 09 1.208000
2020 12 10 1.211800
2020 12 11 1.211200
2020 12 14 1.214500
2020 12 15 1.215800
2020 12 16 1.217500
2020 12 17 1.225800
2020 12 18 1.223600
2020 12 21 1.223000
2020 12 22 1.217200
2020 12 23 1.219400
2020 12 24 1.219780
2020 12 25 1.220160
2020 12 28 1.221300
2020 12 29 1.225200
2020 12 30 1.228000
2020 12 31 1.223000
2021 01 01 1.223600
2021 01 04 1.225400
2021 01 05 1.229500
2021 01 06 1.229000
2021 01 07 1.226500
2021 01 08 1.225200
2021 01 11 1.225200
