2003 01 30.9448
2003 02 31.9001
2003 03 29.6058
2003 04 23.995
2003 05 23.342
2003 06 24.6874
2003 07 26.0386
2003 08 27.9175
2003 09 24.9807
2003 10 26.2078
2003 11 25.4475
2003 12 25.0488
2004 01 25.6512
2004 02 25.2452
2004 03 28.2069
2004 04 28.6769
2004 05 31.9244
2004 06 29.5163
2004 07 31.8212
2004 08 35.7449
2004 09 35.9844
2004 10 40.375
2004 11 33.6538
2004 12 29.8615
2005 01 34.4725
2005 02 35.4029
2005 03 40.5406
2005 04 40.1839
2005 05 38.3199
2005 06 44.6739
2005 07 47.7605
2005 08 51.9128
2005 09 51.0648
2005 10 48.2406
2005 11 46.5038
2005 12 47.4405
2006 01 51.6159
2006 02 49.9624
2006 03 50.8789
2006 04 56.0866
2006 05 53.3599
2006 06 52.8143
2006 07 56.7166
2006 08 55.7122
2006 09 47.4457
2006 10 44.5971
2006 11 44.3423
2006 12 45.8364
2007 01 40.2089
2007 02 42.6871
2007 03 45.1685
2007 04 47.8854
2007 05 47.5415
2007 06 50.5533
2007 07 53.6642
2007 08 49.6606
2007 09 52.8615
2007 10 54.8407
2007 11 59.3518
2007 12 58.6553
2008 01 58.9066
2008 02 60.3193
2008 03 62.0617
2008 04 64.0752
2008 05 72.6185
2008 06 77.8855
2008 07 77.208
2008 08 69.4429
2008 09 62.0028
2008 10 49.3348
2008 11 37.7722
2008 12 27.1844
2009 01 30.3393
2009 02 31.1509
2009 03 32.7002
2009 04 34.7418
2009 05 38.3053
2009 06 44.5682
2009 07 41.8219
2009 08 46.3497
2009 09 42.3148
2009 10 44.6723
2009 11 46.7091
2009 12 46.2455
2010 01 48.583
2010 02 48.8987
2010 03 52.2123
2010 04 56.5762
2010 05 54.0214
2010 06 54.6346
2010 07 52.8498
2010 08 53.3813
2010 09 52.9656
2010 10 52.8674
2010 11 55.4344
2010 12 61.0021
2011 01 63.9268
2011 02 66.9535
2011 03 71.3018
2011 04 73.873
2011 05 69.4634
2011 06 68.4735
2011 07 71.3022
2011 08 66.7762
2011 09 70.8224
2011 10 68.6255
2011 11 70.1716
2011 12 70.1868
2012 01 73.8054
2012 02 77.1896
2012 03 80.5054
2012 04 76.7635
2012 05 72.7541
2012 06 64.1467
2012 07 70.921
2012 08 77.2597
2012 09 73.6052
2012 10 72.1554
2012 11 71.291
2012 12 69.7994
2013 01 71.5788
2013 02 73.0045
2013 03 69.6682
2013 04 65.3265
2013 05 65.6655
2013 06 64.7951
2013 07 68.7895
2013 08 69.6278
2013 09 69.2897
2013 10 66.3696
2013 11 66.3933
2013 12 66.9147
2014 01 66.3338
2014 02 66.3773
2014 03 64.2792
2014 04 64.4134
2014 05 65.8756
2014 06 67.8796
2014 07 65.4576
2014 08 63.2511
2014 09 62.2389
2014 10 56.9931
2014 11 52.7406
2014 12 41.9094
2015 01 34.522
2015 02 42.7576
2015 03 42.7606
2015 04 45.3489
2015 05 47.1903
2015 06 45.0561
2015 07 42.5095
2015 08 34.5329
2015 09 35.0133
2015 10 35.5708
2015 11 34.1495
2015 12 28.8796
2016 01 23.6807
2016 02 24.2554
2016 03 28.4186
2016 04 30.287
2016 05 34.0298
2016 06 35.3183
2016 07 33.5536
2016 08 33.7317
2016 09 34.1367
2016 10 36.8835
2016 11 34.0766
2016 12 41.357
2017 01 42.2605
2017 02 42.2408
2017 03 39.312
2017 04 39.5721
2017 05 36.9194
2017 06 33.4415
2017 07 34.1677
2017 08 35.4806
2017 09 38.0753
2017 10 39.477
2017 11 43.1148
2017 12 43.767
2018 01 45.897
2018 02 42.7988
2018 03 42.9348
2018 04 46.9442
2018 05 51.7242
2018 06 50.5615
2018 07 50.5031
2018 08 49.8238
2018 09 53.4615
2018 10 55.6397
2018 11 45.117
2018 12 39.9146
2019 01 41.5424
2019 02 44.8348
2019 03 46.2129
2019 04 49.6949
2019 05 49.8691
2019 06 44.4299
2019 07 44.6829
2019 08 41.5204
2019 09 44.5894
2019 10 42.1424
2019 11 44.7177
2019 12 47.2155
2020 01 45.0108
2020 02 39.9536
2020 03 22.592
2020 04 13.1524
2020 05 20.9543
2020 06 27.7241
2020 07 29.2435
2020 08 29.4838
2020 09 27.0566
2020 10 26.5691
2020 11 28.1623
