2003 01 29.3542
2003 02 30.3848
2003 03 28.3505
2003 04 23.016
2003 05 22.378
2003 06 23.6851
2003 07 24.945
2003 08 26.7952
2003 09 24.0614
2003 10 25.2774
2003 11 24.5517
2003 12 24.2397
2004 01 24.7508
2004 02 24.4146
2004 03 27.4284
2004 04 28.0173
2004 05 31.3083
2004 06 28.9643
2004 07 31.1593
2004 08 35.0586
2004 09 35.3403
2004 10 39.8017
2004 11 33.1692
2004 12 29.539
2005 01 33.9175
2005 02 34.9497
2005 03 40.273
2005 04 40.0834
2005 05 38.3161
2005 06 44.7141
2005 07 47.7701
2005 08 52.0374
2005 09 51.4223
2005 10 48.6941
2005 11 46.8572
2005 12 47.9386
2006 01 51.9462
2006 02 50.4271
2006 03 51.5963
2006 04 57.2476
2006 05 54.6565
2006 06 54.1505
2006 07 58.0948
2006 08 57.1663
2006 09 48.703
2006 10 45.8191
2006 11 45.5928
2006 12 47.3078
2007 01 41.3146
2007 02 44.0061
2007 03 46.8443
2007 04 49.9445
2007 05 49.7189
2007 06 52.9394
2007 07 56.0469
2007 08 51.9301
2007 09 55.4781
2007 10 57.8515
2007 11 62.9367
2007 12 62.4562
2008 01 62.5883
2008 02 64.3607
2008 03 66.7784
2008 04 69.2332
2008 05 78.9508
2008 06 85.0276
2008 07 84.2185
2008 08 75.7205
2008 09 67.7939
2008 10 53.9575
2008 11 41.1566
2008 12 29.5685
2009 01 32.7998
2009 02 33.8517
2009 03 35.6628
2009 04 38.018
2009 05 41.9903
2009 06 48.9582
2009 07 45.7281
2009 08 50.8271
2009 09 46.4151
2009 10 49.0993
2009 11 51.4221
2009 12 51.0735
2010 01 53.3927
2010 02 53.9108
2010 03 58.0914
2010 04 63.2183
2010 05 60.4553
2010 06 61.1634
2010 07 58.9962
2010 08 59.707
2010 09 59.4062
2010 10 59.4705
2010 11 62.4579
2010 12 69.1703
2011 01 72.1861
2011 02 75.952
2011 03 81.7689
2011 04 85.242
2011 05 80.2163
2011 06 79.0321
2011 07 81.9405
2011 08 76.8995
2011 09 82.0761
2011 10 79.7772
2011 11 81.7008
2011 12 81.9992
2012 01 85.7397
2012 02 90.142
2012 03 94.9803
2012 04 90.9954
2012 05 86.1627
2012 06 75.8791
2012 07 83.5804
2012 08 91.3751
2012 09 87.5902
2012 10 86.103
2012 11 84.9575
2012 12 83.4591
2013 01 84.9068
2013 02 86.9484
2013 03 83.7412
2013 04 78.5029
2013 05 78.9956
2013 06 77.9874
2013 07 82.4649
2013 08 83.5812
2013 09 83.5079
2013 10 79.9355
2013 11 79.8977
2013 12 80.7995
2014 01 79.3949
2014 02 79.6926
2014 03 77.7264
2014 04 78.0304
2014 05 79.7292
2014 06 82.2361
2014 07 78.896
2014 08 76.3124
2014 09 75.3278
2014 10 68.9674
2014 11 63.6896
2014 12 50.5637
2015 01 41.1192
2015 02 51.1894
2015 03 51.6591
2015 04 54.9991
2015 05 57.3834
2015 06 54.7657
2015 07 51.4322
2015 08 41.7744
2015 09 42.4081
2015 10 43.1332
2015 11 41.2697
2015 12 34.9068
2016 01 28.2819
2016 02 29.0119
2016 03 34.3183
2016 04 36.6473
2016 05 41.319
2016 06 42.9576
2016 07 40.6603
2016 08 40.903
2016 09 41.5136
2016 10 44.961
2016 11 41.4474
2016 12 50.5548
2017 01 51.3211
2017 02 51.5211
2017 03 48.2555
2017 04 48.824
2017 05 45.5475
2017 06 41.2802
2017 07 42.0468
2017 08 43.7653
2017 09 47.1334
2017 10 48.9239
2017 11 53.402
2017 12 54.3849
2018 01 56.6369
2018 02 52.9335
2018 03 53.5268
2018 04 58.7694
2018 05 65.1104
2018 06 63.7126
2018 07 63.543
2018 08 62.8129
2018 09 67.6181
2018 10 70.5345
2018 11 56.9782
2018 12 50.4042
2019 01 52.0319
2019 02 56.3574
2019 03 58.5517
2019 04 63.4057
2019 05 63.7526
2019 06 56.857
2019 07 57.0154
2019 08 53.0506
2019 09 57.0611
2019 10 53.9971
2019 11 57.1984
2019 12 60.5633
2020 01 57.3527
2020 02 51.0127
2020 03 28.9788
2020 04 16.9074
2020 05 26.9368
2020 06 35.7669
2020 07 37.6393
2020 08 37.8159
2020 09 34.7136
2020 10 34.1519
2020 11 36.0984
2020 12 41.0832
