1996 01  83.87 
1996 02  84.23 
1996 03  84.59 
1996 04  84.81 
1996 05  85.04 
1996 06  85.06 
1996 07  84.93 
1996 08  84.97 
1996 09  85.23 
1996 10  85.30 
1996 11  85.33 
1996 12  85.55 
1997 01  85.70 
1997 02  85.88 
1997 03  86.02 
1997 04  86.07 
1997 05  86.31 
1997 06  86.37 
1997 07  86.35 
1997 08  86.54 
1997 09  86.69 
1997 10  86.74 
1997 11  86.85 
1997 12  86.95 
1998 01  86.80 
1998 02  87.01 
1998 03  87.17 
1998 04  87.43 
1998 05  87.65 
1998 06  87.67 
1998 07  87.58 
1998 08  87.65 
1998 09  87.71 
1998 10  87.70 
1998 11  87.71 
1998 12  87.80 
1999 01  87.63 
1999 02  87.82 
1999 03  88.16 
1999 04  88.48 
1999 05  88.57 
1999 06  88.55 
1999 07  88.53 
1999 08  88.66 
1999 09  88.81 
1999 10  88.84 
1999 11  88.96 
1999 12  89.26 
2000 01  89.12 
2000 02  89.39 
2000 03  89.71 
2000 04  89.83 
2000 05  89.98 
2000 06  90.25 
2000 07  90.22 
2000 08  90.28 
2000 09  90.74 
2000 10  90.78 
2000 11  90.97 
2000 12  91.23 
2001 01  90.78 
2001 02  91.04 
2001 03  91.50 
2001 04  92.06 
2001 05  92.54 
2001 06  92.68 
2001 07  92.37 
2001 08  92.37 
2001 09  92.65 
2001 10  92.68 
2001 11  92.60 
2001 12  92.97 
2002 01  93.00 
2002 02  93.15 
2002 03  93.66 
2002 04  94.07 
2002 05  94.25 
2002 06  94.21 
2002 07  94.07 
2002 08  94.17 
2002 09  94.43 
2002 10  94.65 
2002 11  94.58 
2002 12  95.01 
2003 01  94.86 
2003 02  95.25 
2003 03  95.76 
2003 04  95.92 
2003 05  95.87 
2003 06  95.94 
2003 07  95.80 
2003 08  95.98 
2003 09  96.32 
2003 10  96.45 
2003 11  96.48 
2003 12  96.77 
2004 01  96.49 
2004 02  96.71 
2004 03  97.24 
2004 04  97.70 
2004 05  98.07 
2004 06  98.13 
2004 07  97.92 
2004 08  98.08 
2004 09  98.21 
2004 10  98.58 
2004 11  98.56 
2004 12  98.92 
2005 01  98.39 
2005 02  98.72 
2005 03  99.34 
2005 04  99.75 
2005 05  99.99 
2005 06  100.09 
2005 07  100.02 
2005 08  100.24 
2005 09  100.70 
2005 10  100.94 
2005 11  100.76 
2005 12  101.05 
2006 01  100.64 
2006 02  100.93 
2006 03  101.41 
2006 04  102.07 
2006 05  102.43 
2006 06  102.53 
2006 07  102.43 
2006 08  102.61 
2006 09  102.65 
2006 10  102.74 
2006 11  102.82 
2006 12  103.21 
2007 01  102.75 
2007 02  103.09 
2007 03  103.71 
2007 04  104.30 
2007 05  104.58 
2007 06  104.72 
2007 07  104.44 
2007 08  104.57 
2007 09  104.95 
2007 10  105.49 
2007 11  106.04 
2007 12  106.48 
2008 01  106.25 
2008 02  106.70 
2008 03  107.60 
2008 04  108.05 
2008 05  108.72 
2008 06  109.17 
2008 07  109.08 
2008 08  109.04 
2008 09  109.34 
2008 10  109.37 
2008 11  108.96 
2008 12  108.77 
2009 01  108.11 
2009 02  108.67 
2009 03  109.06 
2009 04  109.43 
2009 05  109.62 
2009 06  109.85 
2009 07  109.34 
2009 08  109.66 
2009 09  109.69 
2009 10  109.91 
2009 11  110.09 
2009 12  110.44 
2010 01  109.90 
2010 02  110.25 
2010 03  111.26 
2010 04  111.74 
2010 05  111.91 
2010 06  111.95 
2010 07  111.63 
2010 08  111.85 
2010 09  112.16 
2010 10  112.49 
2010 11  112.67 
2010 12  113.39 
2011 01  112.92 
2011 02  113.44 
2011 03  114.68 
2011 04  115.39 
2011 05  115.48 
2011 06  115.42 
2011 07  114.92 
2011 08  115.16 
2011 09  115.89 
2011 10  116.25 
2011 11  116.43 
2011 12  116.83 
2012 01  116.17 
2012 02  116.78 
2012 03  117.98 
2012 04  118.54 
2012 05  118.43 
2012 06  118.29 
2012 07  117.85 
2012 08  118.27 
2012 09  119.00 
2012 10  119.33 
2012 11  119.17 
2012 12  119.57 
2013 01  118.62 
2013 02  119.10 
2013 03  120.20 
2013 04  120.17 
2013 05  120.30 
2013 06  120.36 
2013 07  119.88 
2013 08  120.04 
2013 09  120.52 
2013 10  120.44 
2013 11  120.34 
2013 12  120.75 
2014 01  119.69 
2014 02  120.06 
2014 03  120.92 
2014 04  121.14 
2014 05  121.03 
2014 06  121.15 
2014 07  120.53 
2014 08  120.65 
2014 09  121.03 
2014 10  121.01 
2014 11  120.76 
2014 12  120.65 
2015 01  119.11 
2015 02  119.72 
2015 03  120.81 
2015 04  121.28 
2015 05  121.60 
2015 06  121.55 
2015 07  120.99 
2015 08  120.97 
2015 09  121.12 
2015 10  121.26 
2015 11  120.85 
2015 12  120.87 
2016 01  119.43 
2016 02  119.61 
2016 03  120.76 
2016 04  121.00 
2016 05  121.42 
2016 06  121.63 
2016 07  121.18 
2016 08  121.26 
2016 09  121.61 
2016 10  121.90 
2016 11  121.63 
2016 12  122.24 
2017 01  121.44 
2017 02  121.97 
2017 03  122.75 
2017 04  123.38 
2017 05  123.37 
2017 06  123.44 
2017 07  123.06 
2017 08  123.35 
2017 09  123.79 
2017 10  123.93 
2017 11  123.86 
2017 12  124.26 
2018 01  123.40 
2018 02  123.68 
2018 03  124.67 
2018 04  125.19 
2018 05  125.88 
2018 06  126.01 
2018 07  125.82 
2018 08  126.07 
2018 09  126.48 
2018 10  126.77 
2018 11  126.29 
2018 12  126.28 
2019 01  125.25 
2019 02  125.70 
2019 03  126.70 
2019 04  127.59 
2019 05  127.84 
2019 06  127.97 
2019 07  127.60 
2019 08  127.77 
2019 09  127.97 
2019 10  128.13 
2019 11  127.91 
2019 12  128.27 
2020 01  127.42 
2020 02  127.68 
2020 03  128.27 
2020 04  128.55 
2020 05  128.55 
2020 06  129.01 
2020 07  128.71 
2020 08  128.26 
2020 09  128.30 
2020 10  128.54 
2020 11  128.18 
