2003 01 16.6959
2003 02 17.2821
2003 03 15.9826
2003 04 13.7318
2003 05 13.967
2003 06 14.5774
2003 07 14.9545
2003 08 15.544
2003 09 14.1204
2003 10 15.3238
2003 11 15.4377
2003 12 16.0442
2004 01 16.3417
2004 02 15.9122
2004 03 17.1966
2004 04 17.1616
2004 05 19.2309
2004 06 18.1816
2004 07 19.1694
2004 08 21.3293
2004 09 21.1757
2004 10 23.6164
2004 11 20.2065
2004 12 18.8382
2005 01 21.25
2005 02 22.0008
2005 03 25.605
2005 04 25.4422
2005 05 23.9992
2005 06 26.5766
2005 07 27.2172
2005 08 29.4412
2005 09 29.199
2005 10 27.2822
2005 11 25.8764
2005 12 26.7455
2006 01 29.4926
2006 02 28.4942
2006 03 28.9646
2006 04 31.9804
2006 05 32.1546
2006 06 31.8372
2006 07 33.8516
2006 08 33.7457
2006 09 29.2481
2006 10 27.2398
2006 11 27.5049
2006 12 28.7153
2007 01 25.0932
2007 02 26.8117
2007 03 28.5317
2007 04 30.7462
2007 05 31.009
2007 06 32.1043
2007 07 34.5142
2007 08 33.046
2007 09 35.578
2007 10 37.9623
2007 11 42.2704
2007 12 41.4472
2008 01 41.8568
2008 02 42.8185
2008 03 46.3768
2008 04 48.9533
2008 05 55.111
2008 06 58.6491
2008 07 59.6561
2008 08 51.3086
2008 09 44.2657
2008 10 31.935
2008 11 23.4226
2008 12 18.3599
2009 01 19.6748
2009 02 19.5148
2009 03 21.5226
2009 04 23.5429
2009 05 26.6427
2009 06 31.694
2009 07 29.9921
2009 08 33.0569
2009 09 31.1017
2009 10 33.6156
2009 11 35.2642
2009 12 34.2726
2010 01 35.0785
2010 02 33.6759
2010 03 35.4789
2010 04 37.7665
2010 05 34.1392
2010 06 33.4664
2010 07 33.2586
2010 08 33.966
2010 09 34.1672
2010 10 36.5126
2010 11 37.8578
2010 12 40.4037
2011 01 42.1512
2011 02 45.3145
2011 03 49.1513
2011 04 52.5073
2011 05 48.6516
2011 06 48.309
2011 07 49.4073
2011 08 46.9328
2011 09 47.4294
2011 10 46.9431
2011 11 48.6584
2011 12 47.5664
2012 01 49.3067
2012 02 51.6021
2012 03 53.6087
2012 04 51.3654
2012 05 47.0261
2012 06 40.9549
2012 07 43.4501
2012 08 47.5378
2012 09 47.8266
2012 10 46.8431
2012 11 46.4141
2012 12 46.4062
2013 01 47.457
2013 02 48.5622
2013 03 45.7278
2013 04 43.4583
2013 05 43.2081
2013 06 43.2669
2013 07 44.7148
2013 08 45.9725
2013 09 46.4362
2013 10 45.6814
2013 11 45.0373
2013 12 46.2019
2014 01 44.7631
2014 02 44.8848
2014 03 44.0754
2014 04 43.9816
2014 05 44.3207
2014 06 45.2675
2014 07 44.3265
2014 08 42.3604
2014 09 40.3231
2014 10 35.825
2014 11 31.999
2014 12 25.3236
2015 01 18.989
2015 02 23.0324
2015 03 22.2165
2015 04 24.2194
2015 05 26.1373
2015 06 25.2313
2015 07 22.706
2015 08 19.0759
2015 09 18.8391
2015 10 18.9296
2015 11 17.0628
2015 12 14.2216
2016 01 11.1869
2016 02 12.112
2016 03 14.552
2016 04 15.8233
2016 05 17.9872
2016 06 19.0182
2016 07 17.7377
2016 08 17.8957
2016 09 17.7634
2016 10 19.8022
2016 11 17.9066
2016 12 21.4028
2017 01 21.5769
2017 02 21.9084
2017 03 20.6389
2017 04 21.0077
2017 05 20.1048
2017 06 18.4559
2017 07 19.1724
2017 08 20.2028
2017 09 21.65
2017 10 22.5011
2017 11 24.6237
2017 12 25.1748
2018 01 26.9712
2018 02 25.4939
2018 03 25.5486
2018 04 27.3112
2018 05 29.4581
2018 06 29.057
2018 07 29.0733
2018 08 28.657
2018 09 30.5733
2018 10 31.3925
2018 11 25.9216
2018 12 22.6655
2019 01 23.3358
2019 02 25.2498
2019 03 26.1088
2019 04 27.6992
2019 05 27.3205
2019 06 24.5632
2019 07 25.2199
2019 08 23.2384
2019 09 24.2861
2019 10 23.2794
2019 11 24.4723
2019 12 25.8699
2020 01 25.2366
2020 02 21.4657
2020 03 13.1412
2020 04 6.88817
2020 05 9.81712
2020 06 14.373
2020 07 16.7596
2020 08 17.3872
2020 09 15.958
2020 10 15.3915
2020 11 16.3748
2020 12 18.8761
