2003 01 30.1075
2003 02 30.8035
2003 03 28.4741
2003 04 24.2245
2003 05 23.1339
2003 06 23.9094
2003 07 25.2591
2003 08 26.8007
2003 09 24.097
2003 10 25.0918
2003 11 25.2106
2003 12 24.8468
2004 01 24.8186
2004 02 24.2377
2004 03 27.0297
2004 04 27.5447
2004 05 30.9011
2004 06 28.9377
2004 07 30.2282
2004 08 33.8039
2004 09 33.4961
2004 10 36.5661
2004 11 30.1288
2004 12 27.0331
2005 01 31.3853
2005 02 32.8476
2005 03 37.7879
2005 04 38.3486
2005 05 36.7482
2005 06 42.4887
2005 07 44.159
2005 08 46.9168
2005 09 47.1181
2005 10 44.7846
2005 11 43.0454
2005 12 43.9156
2006 01 47.9234
2006 02 46.9819
2006 03 47.4448
2006 04 51.4411
2006 05 49.7911
2006 06 49.762
2006 07 53.0351
2006 08 52.3475
2006 09 45.4428
2006 10 42.4063
2006 11 41.8236
2006 12 42.5182
2007 01 38.0461
2007 02 40.4634
2007 03 42.6503
2007 04 45.0885
2007 05 45.6125
2007 06 47.5934
2007 07 50.1503
2007 08 48.2207
2007 09 50.8109
2007 10 52.8273
2007 11 57.0607
2007 12 56.1551
2008 01 56.46
2008 02 57.5594
2008 03 59.2996
2008 04 61.7799
2008 05 70.6007
2008 06 75.5387
2008 07 76.3366
2008 08 68.9339
2008 09 61.7579
2008 10 47.6686
2008 11 35.8318
2008 12 26.2641
2009 01 29.0136
2009 02 29.7768
2009 03 32.1665
2009 04 34.7577
2009 05 38.0895
2009 06 44.407
2009 07 41.9181
2009 08 45.6071
2009 09 42.0146
2009 10 44.6103
2009 11 46.4819
2009 12 45.9669
2010 01 48.4813
2010 02 48.3945
2010 03 51.1413
2010 04 54.9183
2010 05 52.9788
2010 06 53.3082
2010 07 50.7012
2010 08 51.3802
2010 09 50.7845
2010 10 51.0685
2010 11 53.8444
2010 12 59.072
2011 01 61.4806
2011 02 64.7361
2011 03 68.3145
2011 04 70.7756
2011 05 66.4097
2011 06 65.5945
2011 07 68.0421
2011 08 64.4159
2011 09 67.5472
2011 10 66.5827
2011 11 69.7345
2011 12 69.8446
2012 01 74.5195
2012 02 75.9923
2012 03 78.9165
2012 04 75.7597
2012 05 71.2594
2012 06 63.3529
2012 07 68.7964
2012 08 74.6406
2012 09 72.1796
2012 10 69.9889
2012 11 69.8497
2012 12 67.9245
2013 01 69.2495
2013 02 70.9254
2013 03 68.3657
2013 04 64.5624
2013 05 64.4432
2013 06 63.6053
2013 07 66.5728
2013 08 67.2745
2013 09 67.5078
2013 10 64.9136
2013 11 64.6551
2013 12 65.0498
2014 01 64.2405
2014 02 64.2325
2014 03 62.2858
2014 04 62.3261
2014 05 63.4093
2014 06 65.5068
2014 07 64.7452
2014 08 62.7189
2014 09 61.5283
2014 10 55.4485
2014 11 50.1687
2014 12 39.9752
2015 01 32.0779
2015 02 39.7859
2015 03 40.1343
2015 04 43.6596
2015 05 45.7732
2015 06 44.1265
2015 07 40.7273
2015 08 33.7468
2015 09 32.9595
2015 10 33.0676
2015 11 31.2385
2015 12 25.5576
2016 01 20.4437
2016 02 21.6467
2016 03 25.7731
2016 04 27.5766
2016 05 31.4601
2016 06 33.5522
2016 07 31.8606
2016 08 31.7166
2016 09 31.4361
2016 10 35.6527
2016 11 32.9249
2016 12 40.0873
2017 01 40.5702
2017 02 41.0857
2017 03 38.3426
2017 04 38.8601
2017 05 36.0927
2017 06 32.6039
2017 07 33.0763
2017 08 34.0406
2017 09 36.2351
2017 10 38.0985
2017 11 41.7598
2017 12 42.1977
2018 01 44.4172
2018 02 41.5915
2018 03 41.4635
2018 04 44.5465
2018 05 49.7977
2018 06 49.7534
2018 07 49.834
2018 08 49.6366
2018 09 52.3019
2018 10 54.5116
2018 11 45.5227
2018 12 39.6246
2019 01 41.0733
2019 02 44.7406
2019 03 46.3728
2019 04 49.3843
2019 05 48.9221
2019 06 43.5285
2019 07 45.2331
2019 08 41.9282
2019 09 44.2536
2019 10 42.2827
2019 11 44.5301
2019 12 46.6325
2020 01 46.0384
2020 02 39.8581
2020 03 23.9397
2020 04 12.6375
2020 05 17.9521
2020 06 25.5095
2020 07 29.3681
2020 08 29.7819
2020 09 27.4703
2020 10 26.4949
2020 11 28.1108
