2003 01 28.56
2003 02 29.3403
2003 03 27.2668
2003 04 23.2361
2003 05 22.1785
2003 06 22.9387
2003 07 24.1982
2003 08 25.7233
2003 09 23.2102
2003 10 24.201
2003 11 24.3232
2003 12 24.0442
2004 01 23.9475
2004 02 23.4403
2004 03 26.2837
2004 04 26.9112
2004 05 30.3047
2004 06 28.3966
2004 07 29.5995
2004 08 33.1549
2004 09 32.8965
2004 10 36.0469
2004 11 29.6949
2004 12 26.7411
2005 01 30.88
2005 02 32.4272
2005 03 37.5385
2005 04 38.2527
2005 05 36.7445
2005 06 42.5269
2005 07 44.1678
2005 08 47.0294
2005 09 47.4479
2005 10 45.2056
2005 11 43.3725
2005 12 44.3767
2006 01 48.2301
2006 02 47.4188
2006 03 48.1138
2006 04 52.5059
2006 05 51.001
2006 06 51.021
2006 07 54.3239
2006 08 53.7138
2006 09 46.647
2006 10 43.5682
2006 11 43.003
2006 12 43.883
2007 01 39.0924
2007 02 41.7137
2007 03 44.2326
2007 04 47.0273
2007 05 47.7016
2007 06 49.8398
2007 07 52.377
2007 08 50.4244
2007 09 53.326
2007 10 55.7275
2007 11 60.5072
2007 12 59.7939
2008 01 59.9887
2008 02 61.4159
2008 03 63.8064
2008 04 66.7532
2008 05 76.7571
2008 06 82.4656
2008 07 83.268
2008 08 75.1655
2008 09 67.5261
2008 10 52.1352
2008 11 39.0423
2008 12 28.5675
2009 01 31.3666
2009 02 32.3584
2009 03 35.0808
2009 04 38.0354
2009 05 41.7537
2009 06 48.7811
2009 07 45.8333
2009 08 50.0127
2009 09 46.0858
2009 10 49.0312
2009 11 51.1719
2009 12 50.7658
2010 01 53.2809
2010 02 53.3549
2010 03 56.8998
2010 04 61.3657
2010 05 59.2886
2010 06 59.6785
2010 07 56.5977
2010 08 57.4687
2010 09 56.9599
2010 10 57.447
2010 11 60.6665
2010 12 66.9817
2011 01 69.4239
2011 02 73.4366
2011 03 78.3431
2011 04 81.668
2011 05 76.6899
2011 06 75.7092
2011 07 78.194
2011 08 74.1813
2011 09 78.2804
2011 10 77.4024
2011 11 81.1919
2011 12 81.5994
2012 01 86.5693
2012 02 88.7438
2012 03 93.1057
2012 04 89.8055
2012 05 84.3925
2012 06 74.9401
2012 07 81.0766
2012 08 88.2774
2012 09 85.8937
2012 10 83.5178
2012 11 83.2399
2012 12 81.2173
2013 01 82.1437
2013 02 84.4722
2013 03 82.1756
2013 04 77.5846
2013 05 77.5252
2013 06 76.5553
2013 07 79.8075
2013 08 80.7563
2013 09 81.3604
2013 10 78.1819
2013 11 77.8059
2013 12 78.5476
2014 01 76.8894
2014 02 77.1175
2014 03 75.316
2014 04 75.5018
2014 05 76.7443
2014 06 79.3615
2014 07 78.0374
2014 08 75.6703
2014 09 74.4677
2014 10 67.0982
2014 11 60.5837
2014 12 48.2301
2015 01 38.208
2015 02 47.6317
2015 03 48.4863
2015 04 52.9504
2015 05 55.6602
2015 06 53.6357
2015 07 49.2759
2015 08 40.8235
2015 09 39.9206
2015 10 40.0978
2015 11 37.7517
2015 12 30.8915
2016 01 24.4159
2016 02 25.8916
2016 03 31.1236
2016 04 33.3677
2016 05 38.1988
2016 06 40.8096
2016 07 38.6087
2016 08 38.4596
2016 09 38.2295
2016 10 43.4607
2016 11 40.0465
2016 12 49.0027
2017 01 49.2685
2017 02 50.1122
2017 03 47.0656
2017 04 47.9456
2017 05 44.5276
2017 06 40.2462
2017 07 40.7037
2017 08 41.9891
2017 09 44.8554
2017 10 47.2155
2017 11 51.7237
2017 12 52.4349
2018 01 54.8108
2018 02 51.4404
2018 03 51.6926
2018 04 55.7678
2018 05 62.6854
2018 06 62.6942
2018 07 62.7012
2018 08 62.5768
2018 09 66.1515
2018 10 69.1043
2018 11 57.4906
2018 12 50.038
2019 01 51.4443
2019 02 56.2389
2019 03 58.7544
2019 04 63.0094
2019 05 62.542
2019 06 55.7034
2019 07 57.7174
2019 08 53.5717
2019 09 56.6313
2019 10 54.1768
2019 11 56.9585
2019 12 59.8155
2020 01 58.6621
2020 02 50.8908
2020 03 30.7075
2020 04 16.2455
2020 05 23.0774
2020 06 32.9098
2020 07 37.7997
2020 08 38.1983
2020 09 35.2444
2020 10 34.0565
2020 11 36.0324
2020 12 40.4071
