2003 01 30.3364
2003 02 31.6435
2003 03 29.44
2003 04 25.239
2003 05 25.6295
2003 06 26.7786
2003 07 27.5013
2003 08 28.6943
2003 09 26.1509
2003 10 28.3491
2003 11 28.4825
2003 12 29.5695
2004 01 30.2648
2004 02 29.6285
2004 03 32.2265
2004 04 32.2638
2004 05 36.3657
2004 06 34.4905
2004 07 36.3068
2004 08 40.4191
2004 09 40.2127
2004 10 45.0838
2004 11 38.5945
2004 12 35.8491
2005 01 40.5238
2005 02 42.1975
2005 03 49.4945
2005 04 49.5105
2005 05 46.6545
2005 06 51.6914
2005 07 53.1824
2005 08 57.8226
2005 09 58.0477
2005 10 54.3462
2005 11 51.1318
2005 12 52.6352
2006 01 58.4838
2006 02 56.618
2006 03 57.8713
2006 04 64.4405
2006 05 65.113
2006 06 64.5977
2006 07 68.8881
2006 08 68.8074
2006 09 59.3443
2006 10 54.97
2006 11 55.4223
2006 12 57.9475
2007 01 50.7927
2007 02 54.5615
2007 03 58.5905
2007 04 63.548
2007 05 64.483
2007 06 66.89
2007 07 71.8927
2007 08 68.7083
2007 09 74.1765
2007 10 79.317
2007 11 88.8427
2007 12 87.054
2008 01 88.3514
2008 02 90.6438
2008 03 99.0275
2008 04 105.163
2008 05 119.388
2008 06 128.333
2008 07 131.222
2008 08 112.41
2008 09 96.8459
2008 10 69.1626
2008 11 49.7555
2008 12 38.5976
2009 01 41.5419
2009 02 41.409
2009 03 45.7805
2009 04 50.2029
2009 05 56.9771
2009 06 68.3618
2009 07 64.5883
2009 08 71.3481
2009 09 67.17
2009 10 72.6691
2009 11 76.2871
2009 12 74.0114
2010 01 76.0105
2010 02 72.9895
2010 03 77.213
2010 04 82.3343
2010 05 74.4843
2010 06 72.945
2010 07 72.5073
2010 08 74.1518
2010 09 74.6345
2010 10 79.8571
2010 11 82.8341
2010 12 88.5565
2011 01 92.8267
2011 02 100.285
2011 03 109.837
2011 04 118.092
2011 05 109.935
2011 06 109.044
2011 07 111.622
2011 08 106.324
2011 09 107.612
2011 10 106.289
2011 11 110.08
2011 12 107.344
2012 01 111.761
2012 02 117.479
2012 03 122.974
2012 04 118.184
2012 05 108.073
2012 06 93.9824
2012 07 99.5459
2012 08 109.517
2012 09 110.674
2012 10 108.356
2012 11 106.855
2012 12 106.549
2013 01 109.284
2013 02 112.745
2013 03 106.442
2013 04 101.054
2013 05 100.651
2013 06 101.03
2013 07 104.452
2013 08 107.519
2013 09 108.73
2013 10 106.687
2013 11 104.968
2013 12 107.673
2014 01 104.708
2014 02 105.381
2014 03 104.147
2014 04 104.268
2014 05 105.439
2014 06 107.892
2014 07 105.608
2014 08 100.755
2014 09 95.9814
2014 10 85.0604
2014 11 75.566
2014 12 59.4629
2015 01 44.3786
2015 02 54.062
2015 03 52.4573
2015 04 57.3029
2015 05 62.1557
2015 06 60.2114
2015 07 54.1887
2015 08 45.461
2015 09 44.8268
2015 10 45.0218
2015 11 40.4962
2015 12 33.6377
2016 01 26.5035
2016 02 28.719
2016 03 34.653
2016 04 37.859
2016 05 43.2105
2016 06 45.8373
2016 07 42.6819
2016 08 43.1017
2016 09 42.8859
2016 10 47.8676
2016 11 43.2182
2016 12 51.6733
2017 01 52.3971
2017 02 53.3695
2017 03 50.3178
2017 04 51.3689
2017 05 49.203
2017 06 45.2086
2017 07 46.9314
2017 08 49.6017
2017 09 53.4362
2017 10 55.5018
2017 11 60.7391
2017 12 62.062
2018 01 66.8527
2018 02 63.4775
2018 03 63.7576
2018 04 68.4271
2018 05 74.113
2018 06 73.2205
2018 07 73.2664
2018 08 72.2574
2018 09 77.179
2018 10 79.387
2018 11 65.3323
2018 12 56.9433
2019 01 58.7391
2019 02 63.8255
2019 03 66.369
2019 04 70.7848
2019 05 69.9657
2019 06 62.917
2019 07 64.707
2019 08 59.62
2019 09 62.3567
2019 10 59.9087
2019 11 62.9448
2019 12 66.479
2020 01 65.1032
2020 02 55.527
2020 03 33.9195
2020 04 17.6605
2020 05 25.1705
2020 06 37.0532
2020 07 43.4243
2020 08 45.1924
2020 09 41.5355
2020 10 40.0777
2020 11 42.6119
2020 12 49.1673
