2003 01 31.0205
2003 02 33.2221
2003 03 31.0364
2003 04 25.9345
2003 05 24.325
2003 06 26.2635
2003 07 27.0656
2003 08 28.3012
2003 09 25.1265
2003 10 25.9006
2003 11 26.567
2003 12 26.1262
2004 01 27.1483
2004 02 27.4446
2004 03 29.9649
2004 04 30.6531
2004 05 33.5667
2004 06 31.3107
2004 07 33.2464
2004 08 36.8304
2004 09 37.5818
2004 10 42.6001
2004 11 37.2932
2004 12 32.1871
2005 01 35.6931
2005 02 37.0015
2005 03 41.0997
2005 04 40.9333
2005 05 39.2455
2005 06 46.3595
2005 07 48.9993
2005 08 52.8589
2005 09 53.6129
2005 10 51.7884
2005 11 49.4698
2005 12 50.0885
2006 01 54.0079
2006 02 51.6164
2006 03 52.1201
2006 04 56.5795
2006 05 55.4868
2006 06 56.0382
2006 07 58.6783
2006 08 57.018
2006 09 50.1493
2006 10 46.6751
2006 11 45.8411
2006 12 46.9216
2007 01 41.9534
2007 02 45.3211
2007 03 45.6289
2007 04 47.347
2007 05 46.9448
2007 06 50.2869
2007 07 53.9997
2007 08 53.1044
2007 09 57.4551
2007 10 60.2824
2007 11 64.544
2007 12 62.9782
2008 01 63.1247
2008 02 64.6318
2008 03 67.9446
2008 04 71.4612
2008 05 80.6223
2008 06 86.0301
2008 07 84.631
2008 08 78.014
2008 09 72.591
2008 10 57.7491
2008 11 44.9702
2008 12 30.4345
2009 01 31.4935
2009 02 30.5462
2009 03 36.7356
2009 04 37.6165
2009 05 43.2581
2009 06 49.6932
2009 07 45.5223
2009 08 49.8037
2009 09 47.6226
2009 10 51.0897
2009 11 52.3142
2009 12 51.0803
2010 01 54.9068
2010 02 55.8406
2010 03 59.8379
2010 04 62.8233
2010 05 58.6962
2010 06 61.6379
2010 07 59.5738
2010 08 59.366
2010 09 57.422
2010 10 58.9094
2010 11 61.7035
2010 12 67.4306
2011 01 66.6891
2011 02 64.8653
2011 03 73.3666
2011 04 75.7469
2011 05 70.3872
2011 06 66.8333
2011 07 68.1611
2011 08 60.2316
2011 09 62.2099
2011 10 62.8605
2011 11 71.6625
2011 12 74.9221
2012 01 77.6685
2012 02 77.202
2012 03 80.3755
2012 04 78.5106
2012 05 73.9185
2012 06 65.6248
2012 07 71.5915
2012 08 75.8746
2012 09 73.3489
2012 10 68.9764
2012 11 67.4067
2012 12 66.9716
2013 01 71.2267
2013 02 71.4093
2013 03 71.7517
2013 04 70.6488
2013 05 72.7952
2013 06 72.5695
2013 07 79.974
2013 08 80.0436
2013 09 79.5346
2013 10 73.6773
2013 11 69.5723
2013 12 71.2212
2014 01 69.4816
2014 02 73.7797
2014 03 72.8956
2014 04 73.9102
2014 05 74.3722
2014 06 77.8154
2014 07 76.5462
2014 08 72.5047
2014 09 72.3175
2014 10 66.5773
2014 11 60.7632
2014 12 48.0899
2015 01 40.6543
2015 02 44.5639
2015 03 44.2
2015 04 50.3142
2015 05 53.076
2015 06 53.287
2015 07 46.2854
2015 08 38.4968
2015 09 40.5023
2015 10 41.1649
2015 11 39.5637
2015 12 34.1537
2016 01 29.1847
2016 02 27.335
2016 03 33.7255
2016 04 35.9157
2016 05 41.2924
2016 06 43.4117
2016 07 40.389
2016 08 39.9036
2016 09 40.2746
2016 10 45.197
2016 11 42.3091
2016 12 49.284
2017 01 49.3653
2017 02 50.2066
2017 03 46.1416
2017 04 47.6573
2017 05 43.8733
2017 06 40.2208
2017 07 40.4423
2017 08 40.6671
2017 09 41.8199
2017 10 43.8792
2017 11 48.233
2017 12 48.9017
2018 01 52.226
2018 02 50.4295
2018 03 50.8594
2018 04 53.9935
2018 05 59.1897
2018 06 58.1129
2018 07 60.7445
2018 08 58.9417
2018 09 60.1954
2018 10 61.586
2018 11 50.1232
2018 12 43.5149
2019 01 44.9991
2019 02 48.4184
2019 03 51.4784
2019 04 56.8453
2019 05 54.3756
2019 06 48.3931
2019 07 51.1551
2019 08 49.2497
2019 09 51.721
2019 10 48.7973
2019 11 51.6062
2019 12 53.878
2020 01 51.8292
2020 02 46.3202
2020 03 26.444
2020 04 15.224
2020 05 26.185
2020 06 34.0261
2020 07 35.437
2020 08 35.7873
2020 09 33.6275
2020 10 33.4806
2020 11 34.6186
2020 12 38.6423
