2003 01 32.7013
2003 02 34.8788
2003 03 32.4106
2003 04 27.0376
2003 05 25.3729
2003 06 27.3749
2003 07 28.2522
2003 08 29.4866
2003 09 26.0865
2003 10 26.8539
2003 11 27.5363
2003 12 26.9982
2004 01 28.1359
2004 02 28.3782
2004 03 30.8154
2004 04 31.3747
2004 05 34.2273
2004 06 31.9074
2004 07 33.9526
2004 08 37.5514
2004 09 38.2668
2004 10 43.2137
2004 11 37.8381
2004 12 32.5385
2005 01 36.2772
2005 02 37.4813
2005 03 41.3728
2005 04 41.0359
2005 05 39.2494
2005 06 46.3178
2005 07 48.9895
2005 08 52.7323
2005 09 53.2402
2005 10 51.3061
2005 11 49.0967
2005 12 49.568
2006 01 53.6644
2006 02 51.1408
2006 03 51.3954
2006 04 55.4321
2006 05 54.1705
2006 06 54.6554
2006 07 57.2862
2006 08 55.5677
2006 09 48.8547
2006 10 45.4303
2006 11 44.5838
2006 12 45.4623
2007 01 40.8306
2007 02 43.9627
2007 03 43.9966
2007 04 45.395
2007 05 44.8889
2007 06 48.0203
2007 07 51.704
2007 08 50.7836
2007 09 54.7452
2007 10 57.1451
2007 11 60.8676
2007 12 59.1456
2008 01 59.4115
2008 02 60.5734
2008 03 63.1455
2008 04 66.1372
2008 05 74.1559
2008 06 78.8038
2008 07 77.5862
2008 08 71.5462
2008 09 66.3902
2008 10 52.8016
2008 11 41.2722
2008 12 27.9806
2009 01 29.131
2009 02 28.1091
2009 03 33.6838
2009 04 34.3749
2009 05 39.4619
2009 06 45.2373
2009 07 41.6337
2009 08 45.4165
2009 09 43.4156
2009 10 46.4832
2009 11 47.5195
2009 12 46.2516
2010 01 49.9607
2010 02 50.6491
2010 03 53.782
2010 04 56.2227
2010 05 52.4495
2010 06 55.0584
2010 07 53.3672
2010 08 53.0764
2010 09 51.1965
2010 10 52.3686
2010 11 54.7648
2010 12 59.4679
2011 01 59.0587
2011 02 57.1803
2011 03 63.9751
2011 04 65.6442
2011 05 60.9519
2011 06 57.9044
2011 07 59.3118
2011 08 52.3025
2011 09 53.6801
2011 10 54.0735
2011 11 61.5499
2011 12 64.1292
2012 01 66.8576
2012 02 66.1089
2012 03 68.1264
2012 04 66.2313
2012 05 62.4154
2012 06 55.4779
2012 07 60.748
2012 08 64.1537
2012 09 61.6377
2012 10 57.8031
2012 11 56.5635
2012 12 56.0104
2013 01 60.0461
2013 02 59.9574
2013 03 59.6936
2013 04 58.7907
2013 05 60.5114
2013 06 60.2937
2013 07 66.7117
2013 08 66.6808
2013 09 65.9929
2013 10 61.1734
2013 11 57.8131
2013 12 58.9824
2014 01 58.0513
2014 02 61.4524
2014 03 60.2842
2014 04 61.0122
2014 05 61.4494
2014 06 64.2306
2014 07 63.508
2014 08 60.0951
2014 09 59.7517
2014 10 55.018
2014 11 50.3173
2014 12 39.859
2015 01 34.1317
2015 02 37.2234
2015 03 36.5864
2015 04 41.486
2015 05 43.648
2015 06 43.8396
2015 07 38.2556
2015 08 31.8234
2015 09 33.4398
2015 10 33.9476
2015 11 32.7379
2015 12 28.2566
2016 01 24.4367
2016 02 22.8534
2016 03 27.9277
2016 04 29.6824
2016 05 34.0079
2016 06 35.6916
2016 07 33.3298
2016 08 32.9075
2016 09 33.1178
2016 10 37.0771
2016 11 34.7851
2016 12 40.3174
2017 01 40.65
2017 02 41.1631
2017 03 37.5899
2017 04 38.6264
2017 05 35.5624
2017 06 32.5833
2017 07 32.8639
2017 08 32.9689
2017 09 33.7829
2017 10 35.4064
2017 11 38.9415
2017 12 39.3543
2018 01 42.3225
2018 02 40.7742
2018 03 40.7952
2018 04 43.1292
2018 05 47.0207
2018 06 46.1177
2018 07 48.2789
2018 08 46.7532
2018 09 47.5928
2018 10 48.5809
2018 11 39.689
2018 12 34.4591
2019 01 35.9274
2019 02 38.519
2019 03 40.6301
2019 04 44.5531
2019 05 42.5341
2019 06 37.816
2019 07 40.0902
2019 08 38.5456
2019 09 40.4165
2019 10 38.0842
2019 11 40.3457
2019 12 42.0036
2020 01 40.6759
2020 02 36.2784
2020 03 20.6159
2020 04 11.8429
2020 05 20.3695
2020 06 26.3748
2020 07 27.5324
2020 08 27.9022
2020 09 26.2101
2020 10 26.0468
2020 11 27.0078
